848.00400	23.35000	860.58500	240.88910	2462.75317	1346.39441	0.48396
848.06000	23.35000	860.58500	240.88910	2462.75317	1346.39441	0.48396
848.11600	23.35000	860.58500	240.88910	2462.75317	1346.39441	0.48396
848.17200	23.35000	860.58500	240.88910	2462.75317	1346.39441	0.48396
848.22900	23.35000	860.58500	240.88910	2462.75317	1346.39441	0.48396
848.28900	23.35000	860.58500	240.88910	2462.75317	1346.39441	0.48396
848.34500	23.35000	860.58500	240.88910	2462.75317	1346.39441	0.48396
848.40400	23.35000	860.58500	240.88910	2462.75317	1346.39441	0.48396
848.46000	23.35000	860.58500	240.88910	2462.75317	1346.39441	0.48396
848.51600	23.35000	860.58500	240.88910	2462.75317	1346.39441	0.48396
848.57300	23.35000	860.58500	240.88910	2462.61279	1346.12061	0.48322
848.62900	23.35000	860.58500	240.88910	2462.61279	1346.12061	0.48322
848.68500	23.35000	860.58500	240.88910	2462.61279	1346.12061	0.48322
848.74200	23.35000	860.58500	240.88910	2462.61279	1346.12061	0.48322
848.79900	23.35000	860.58500	240.88910	2462.61279	1346.12061	0.48322
848.85500	23.35000	860.58500	240.88910	2462.61279	1346.12061	0.48322
848.91100	23.35000	860.58500	240.88910	2462.61279	1346.12061	0.48322
848.96800	23.35000	860.58500	240.88910	2462.61279	1346.12061	0.48322
849.02400	23.35000	860.58500	240.88910	2462.61279	1346.12061	0.48322
849.08000	23.35000	860.58500	240.88910	2462.61279	1346.12061	0.48322
849.13700	23.35000	860.58500	240.88910	2462.71411	1346.03223	0.48326
849.19300	23.35000	860.58500	240.88910	2462.71411	1346.03223	0.48326
849.25000	23.35000	860.58500	240.88910	2462.71411	1346.03223	0.48326
849.30600	23.35000	860.58500	240.88910	2462.71411	1346.03223	0.48326
849.36200	23.35000	860.58500	240.88910	2462.71411	1346.03223	0.48326
849.41900	23.35000	860.58500	240.88910	2462.71411	1346.03223	0.48326
849.47500	23.35000	860.58500	240.88910	2462.71411	1346.03223	0.48326
849.53200	23.35000	860.58500	240.88910	2462.71411	1346.03223	0.48326
849.58900	23.35000	860.58500	240.88910	2462.71411	1346.03223	0.48326
849.64500	23.35000	860.58500	240.88910	2462.71411	1346.03223	0.48326
849.70100	23.35000	860.58500	240.88910	2462.78149	1346.24438	0.48528
849.75700	23.35000	860.58500	240.88910	2462.78149	1346.24438	0.48528
849.81300	23.35000	860.58500	240.88910	2462.78149	1346.24438	0.48528
849.87000	23.35000	860.58500	240.88910	2462.78149	1346.24438	0.48528
849.92600	23.35000	860.58500	240.88910	2462.78149	1346.24438	0.48528
849.98200	23.35000	860.58500	240.88910	2462.78149	1346.24438	0.48528
850.03800	23.35000	860.58500	240.88910	2462.78149	1346.24438	0.48528
850.09400	23.35000	860.58500	240.88910	2462.78149	1346.24438	0.48528
850.15000	23.35000	860.58500	240.88910	2462.78149	1346.24438	0.48528
850.21100	23.35000	860.58500	240.88910	2462.78149	1346.24438	0.48528
850.26700	23.35000	860.58500	240.88910	2462.66431	1346.40259	0.48383
850.32400	23.35000	860.58500	240.88910	2462.66431	1346.40259	0.48383
850.38000	23.35000	860.58500	240.88910	2462.66431	1346.40259	0.48383
850.43600	23.35000	860.58500	240.88910	2462.66431	1346.40259	0.48383
850.49200	23.35000	860.58500	240.88910	2462.66431	1346.40259	0.48383
850.54800	23.35000	860.58500	240.88910	2462.66431	1346.40259	0.48383
850.60400	23.35000	860.58500	240.88910	2462.66431	1346.40259	0.48383
850.66000	23.35000	860.58500	240.88910	2462.66431	1346.40259	0.48383
850.71700	23.35000	860.58500	240.88910	2462.66431	1346.40259	0.48383
850.77300	23.35000	860.58500	240.88910	2462.66431	1346.40259	0.48383
850.83000	23.35000	860.58500	240.88910	2462.66455	1346.18420	0.47923
850.88700	23.35000	860.58500	240.88910	2462.66455	1346.18420	0.47923
850.94300	23.35000	860.58500	240.88910	2462.66455	1346.18420	0.47923
850.99900	23.35000	860.58500	240.88910	2462.66455	1346.18420	0.47923
851.05500	23.35000	860.58500	240.88910	2462.66455	1346.18420	0.47923
851.11100	23.35000	860.58500	240.88910	2462.66455	1346.18420	0.47923
851.16700	23.35000	860.58500	240.88910	2462.66455	1346.18420	0.47923
851.22400	23.35000	860.58500	240.88910	2462.66455	1346.18420	0.47923
851.28100	23.35000	860.58500	240.88910	2462.66455	1346.18420	0.47923
851.33700	23.35000	860.58500	240.88910	2462.66455	1346.18420	0.47923
851.39300	23.35000	860.58500	240.88910	2462.78174	1346.21277	0.48825
851.44900	23.35000	860.58500	240.88910	2462.78174	1346.21277	0.48825
851.50500	23.35000	860.58500	240.88910	2462.78174	1346.21277	0.48825
851.56100	23.35000	860.58500	240.88910	2462.78174	1346.21277	0.48825
851.61800	23.35000	860.58500	240.88910	2462.78174	1346.21277	0.48825
851.67500	23.35000	860.58500	240.88910	2462.78174	1346.21277	0.48825
851.73200	23.35000	860.58500	240.88910	2462.78174	1346.21277	0.48825
851.78900	23.35000	860.58500	240.88910	2462.78174	1346.21277	0.48825
851.84500	23.35000	860.58500	240.88910	2462.78174	1346.21277	0.48825
851.90100	23.35000	860.58500	240.88910	2462.78174	1346.21277	0.48825
851.95900	23.35000	860.58500	240.88910	2462.62378	1346.15222	0.48199
852.01500	23.35000	860.58500	240.88910	2462.62378	1346.15222	0.48199
852.07200	23.35000	860.58500	240.88910	2462.62378	1346.15222	0.48199
852.12800	23.35000	860.58500	240.88910	2462.62378	1346.15222	0.48199
852.18400	23.35000	860.58500	240.88910	2462.62378	1346.15222	0.48199
852.24100	23.35000	860.58500	240.88910	2462.62378	1346.15222	0.48199
852.29700	23.35000	860.58500	240.88910	2462.62378	1346.15222	0.48199
852.35300	23.35000	860.58500	240.88910	2462.62378	1346.15222	0.48199
852.40900	23.35000	860.58500	240.88910	2462.62378	1346.15222	0.48199
852.46600	23.35000	860.58500	240.88910	2462.62378	1346.15222	0.48199
852.52300	23.35000	860.58500	240.88910	2462.73560	1345.89954	0.48405
852.57900	23.35000	860.58500	240.88910	2462.73560	1345.89954	0.48405
852.63600	23.35000	860.58500	240.88910	2462.73560	1345.89954	0.48405
852.69200	23.35000	860.58500	240.88910	2462.73560	1345.89954	0.48405
852.74900	23.35000	860.58500	240.88910	2462.73560	1345.89954	0.48405
852.80500	23.35000	860.58500	240.88910	2462.73560	1345.89954	0.48405
852.86200	23.35000	860.58500	240.88910	2462.73560	1345.89954	0.48405
852.91900	23.35000	860.58500	240.88910	2462.73560	1345.89954	0.48405
852.97600	23.35000	860.58500	240.88910	2462.73560	1345.89954	0.48405
853.03200	23.35000	860.58500	240.88910	2462.73560	1345.89954	0.48405
853.08900	23.35000	860.58500	240.88910	2462.66748	1346.09546	0.48153
853.14400	23.35000	860.58500	240.88910	2462.66748	1346.09546	0.48153
853.20100	23.35000	860.58500	240.88910	2462.66748	1346.09546	0.48153
853.25800	23.35000	860.58500	240.88910	2462.66748	1346.09546	0.48153
853.31600	23.35000	860.58500	240.88910	2462.66748	1346.09546	0.48153
853.37200	23.35000	860.58500	240.88910	2462.66748	1346.09546	0.48153
853.42800	23.35000	860.58500	240.88910	2462.66748	1346.09546	0.48153
853.48500	23.35000	860.58500	240.88910	2462.66748	1346.09546	0.48153
853.54100	23.35000	860.58500	240.88910	2462.66748	1346.09546	0.48153
853.59700	23.35000	860.58500	240.88910	2462.66748	1346.09546	0.48153
853.65300	23.35000	860.58500	240.88910	2462.65991	1346.29993	0.48289
853.70900	23.35000	860.58500	240.88910	2462.65991	1346.29993	0.48289
853.76600	23.35000	860.58500	240.88910	2462.65991	1346.29993	0.48289
853.82300	23.35000	860.58500	240.88910	2462.65991	1346.29993	0.48289
853.88000	23.35000	860.58500	240.88910	2462.65991	1346.29993	0.48289
853.93600	23.35000	860.58500	240.88910	2462.65991	1346.29993	0.48289
853.99300	23.35000	860.58500	240.88910	2462.65991	1346.29993	0.48289
854.04900	23.35000	860.58500	240.88910	2462.65991	1346.29993	0.48289
854.10700	23.35000	860.58500	240.88910	2462.65991	1346.29993	0.48289
854.16400	23.35000	860.58500	240.88910	2462.65991	1346.29993	0.48289
854.22000	23.35000	860.58500	240.88910	2462.68384	1346.16150	0.48032
854.27600	23.35000	860.58500	240.88910	2462.68384	1346.16150	0.48032
854.33200	23.35000	860.58500	240.88910	2462.68384	1346.16150	0.48032
854.38700	23.35000	860.58500	240.88910	2462.68384	1346.16150	0.48032
854.44400	23.35000	860.58500	240.88910	2462.68384	1346.16150	0.48032
854.50000	23.35000	860.58500	240.88910	2462.68384	1346.16150	0.48032
854.55600	23.35000	860.58500	240.88910	2462.68384	1346.16150	0.48032
854.61200	23.35000	860.58500	240.88910	2462.68384	1346.16150	0.48032
854.66900	23.35000	860.58500	240.88910	2462.68384	1346.16150	0.48032
854.72500	23.35000	860.58500	240.88910	2462.68384	1346.16150	0.48032
854.78100	23.35000	860.58500	240.88910	2462.71338	1346.18689	0.48079
854.83700	23.35000	860.58500	240.88910	2462.71338	1346.18689	0.48079
854.89400	23.35000	860.58500	240.88910	2462.71338	1346.18689	0.48079
854.95000	23.35000	860.58500	240.88910	2462.71338	1346.18689	0.48079
855.00700	23.35000	860.58500	240.88910	2462.71338	1346.18689	0.48079
855.06300	23.35000	860.58500	240.88910	2462.71338	1346.18689	0.48079
855.12100	23.35000	860.58500	240.88910	2462.71338	1346.18689	0.48079
855.17800	23.35000	860.58500	240.88910	2462.71338	1346.18689	0.48079
855.23400	23.35000	860.58500	240.88910	2462.71338	1346.18689	0.48079
855.29100	23.35000	860.58500	240.88910	2462.71338	1346.18689	0.48079
855.34900	23.35000	860.58500	240.88910	2462.61011	1346.19800	0.48026
855.40600	23.35000	860.58500	240.88910	2462.61011	1346.19800	0.48026
855.46200	23.35000	860.58500	240.88910	2462.61011	1346.19800	0.48026
855.51800	23.35000	860.58500	240.88910	2462.61011	1346.19800	0.48026
855.57500	23.35000	860.58500	240.88910	2462.61011	1346.19800	0.48026
855.63100	23.35000	860.58500	240.88910	2462.61011	1346.19800	0.48026
855.68700	23.35000	860.58500	240.88910	2462.61011	1346.19800	0.48026
855.74400	23.35000	860.58500	240.88910	2462.61011	1346.19800	0.48026
855.80100	23.35000	860.58500	240.88910	2462.61011	1346.19800	0.48026
855.85700	23.35000	860.58500	240.88910	2462.61011	1346.19800	0.48026
855.91300	23.35000	860.58500	240.88910	2462.61133	1346.13599	0.47992
855.96900	23.35000	860.58500	240.88910	2462.61133	1346.13599	0.47992
856.02600	23.35000	860.58500	240.88910	2462.61133	1346.13599	0.47992
856.08200	23.35000	860.58500	240.88910	2462.61133	1346.13599	0.47992
856.13800	23.35000	860.58500	240.88910	2462.61133	1346.13599	0.47992
856.19300	23.35000	860.58500	240.88910	2462.61133	1346.13599	0.47992
856.25200	23.35000	860.58500	240.88910	2462.61133	1346.13599	0.47992
856.30800	23.35000	860.58500	240.88910	2462.61133	1346.13599	0.47992
856.36600	23.35000	860.58500	240.88910	2462.61133	1346.13599	0.47992
856.42300	23.35000	860.58500	240.88910	2462.61133	1346.13599	0.47992
856.48000	23.35000	860.58500	240.88910	2462.69922	1346.26746	0.47892
856.53700	23.35000	860.58500	240.88910	2462.69922	1346.26746	0.47892
856.59300	23.35000	860.58500	240.88910	2462.69922	1346.26746	0.47892
856.64900	23.35000	860.58500	240.88910	2462.69922	1346.26746	0.47892
856.70500	23.35000	860.58500	240.88910	2462.69922	1346.26746	0.47892
856.76100	23.35000	860.58500	240.88910	2462.69922	1346.26746	0.47892
856.81700	23.35000	860.58500	240.88910	2462.69922	1346.26746	0.47892
856.87400	23.35000	860.58500	240.88910	2462.69922	1346.26746	0.47892
856.93000	23.35000	860.58500	240.88910	2462.69922	1346.26746	0.47892
856.98600	23.35000	860.58500	240.88910	2462.69922	1346.26746	0.47892
857.04300	23.35000	860.58500	240.88910	2462.75781	1346.22717	0.48180
857.09900	23.35000	860.58500	240.88910	2462.75781	1346.22717	0.48180
857.15500	23.35000	860.58500	240.88910	2462.75781	1346.22717	0.48180
857.21100	23.35000	860.58500	240.88910	2462.75781	1346.22717	0.48180
857.26800	23.35000	860.58500	240.88910	2462.75781	1346.22717	0.48180
857.32400	23.35000	860.58500	240.88910	2462.75781	1346.22717	0.48180
857.38100	23.35000	860.58500	240.88910	2462.75781	1346.22717	0.48180
857.43800	23.35000	860.58500	240.88910	2462.75781	1346.22717	0.48180
857.49400	23.35000	860.58500	240.88910	2462.75781	1346.22717	0.48180
857.55100	23.35000	860.58500	240.88910	2462.75781	1346.22717	0.48180
857.60800	23.35000	860.58500	240.88910	2462.65015	1346.23047	0.48589
857.66500	23.35000	860.58500	240.88910	2462.65015	1346.23047	0.48589
857.72000	23.35000	860.58500	240.88910	2462.65015	1346.23047	0.48589
857.77900	23.35000	860.58500	240.88910	2462.65015	1346.23047	0.48589
857.83500	23.35000	860.58500	240.88910	2462.65015	1346.23047	0.48589
857.89100	23.35000	860.58500	240.88910	2462.65015	1346.23047	0.48589
857.94800	23.35000	860.58500	240.88910	2462.65015	1346.23047	0.48589
858.00400	23.35000	860.58500	240.88910	2462.65015	1346.23047	0.48589
858.06000	23.35000	860.58500	240.88910	2462.65015	1346.23047	0.48589
858.11600	23.35000	860.58500	240.88910	2462.65015	1346.23047	0.48589
858.17600	23.35000	860.58500	240.88910	2462.68530	1345.96448	0.47481
858.23200	23.35000	860.58500	240.88910	2462.68530	1345.96448	0.47481
858.29100	23.35000	860.58500	240.88910	2462.68530	1345.96448	0.47481
858.34800	23.35000	860.58500	240.88910	2462.68530	1345.96448	0.47481
858.40400	23.35000	860.58500	240.88910	2462.68530	1345.96448	0.47481
858.45900	23.35000	860.58500	240.88910	2462.68530	1345.96448	0.47481
858.51500	23.35000	860.58500	240.88910	2462.68530	1345.96448	0.47481
858.57200	23.35000	860.58500	240.88910	2462.68530	1345.96448	0.47481
858.62800	23.35000	860.58500	240.88910	2462.68530	1345.96448	0.47481
858.68600	23.35000	860.58500	240.88910	2462.68530	1345.96448	0.47481
858.74300	23.35000	860.58500	240.88910	2462.69531	1346.22229	0.48646
858.79900	23.35000	860.58500	240.88910	2462.69531	1346.22229	0.48646
858.85500	23.35000	860.58500	240.88910	2462.69531	1346.22229	0.48646
858.91100	23.35000	860.58500	240.88910	2462.69531	1346.22229	0.48646
858.96700	23.35000	860.58500	240.88910	2462.69531	1346.22229	0.48646
859.02300	23.35000	860.58500	240.88910	2462.69531	1346.22229	0.48646
859.08000	23.35000	860.58500	240.88910	2462.69531	1346.22229	0.48646
859.13600	23.35000	860.58500	240.88910	2462.69531	1346.22229	0.48646
859.19300	23.35000	860.58500	240.88910	2462.69531	1346.22229	0.48646
859.24900	23.35000	860.58500	240.88910	2462.69531	1346.22229	0.48646
859.30500	23.35000	860.58500	240.88910	2462.73413	1346.01343	0.48278
859.36100	23.35000	860.58500	240.88910	2462.73413	1346.01343	0.48278
859.41700	23.35000	860.58500	240.88910	2462.73413	1346.01343	0.48278
859.47400	23.35000	860.58500	240.88910	2462.73413	1346.01343	0.48278
859.53100	23.35000	860.58500	240.88910	2462.73413	1346.01343	0.48278
859.58800	23.35000	860.58500	240.88910	2462.73413	1346.01343	0.48278
859.64400	23.35000	860.58500	240.88910	2462.73413	1346.01343	0.48278
859.70100	23.35000	860.58500	240.88910	2462.73413	1346.01343	0.48278
859.75700	23.35000	860.58500	240.88910	2462.73413	1346.01343	0.48278
859.81300	23.35000	860.58500	240.88910	2462.73413	1346.01343	0.48278
859.86900	23.35000	860.58500	240.88910	2462.67822	1346.24780	0.47945
859.92600	23.35000	860.58500	240.88910	2462.67822	1346.24780	0.47945
859.98300	23.35000	860.58500	240.88910	2462.67822	1346.24780	0.47945
860.04000	23.35000	860.58500	240.88910	2462.67822	1346.24780	0.47945
860.09700	23.35000	860.58500	240.88910	2462.67822	1346.24780	0.47945
860.15300	23.35000	860.58500	240.88910	2462.67822	1346.24780	0.47945
860.20900	23.35000	860.58500	240.88910	2462.67822	1346.24780	0.47945
860.26500	23.35000	860.58500	240.88910	2462.67822	1346.24780	0.47945
860.32100	23.35000	860.58500	240.88910	2462.67822	1346.24780	0.47945
860.37800	23.35000	860.58500	240.88910	2462.67822	1346.24780	0.47945
860.43400	23.35000	860.58500	240.88910	2462.70166	1346.09192	0.48132
860.49400	23.35000	860.58500	240.88910	2462.70166	1346.09192	0.48132
860.55000	23.35000	860.58500	240.88910	2462.70166	1346.09192	0.48132
860.60600	23.35000	860.58500	240.88910	2462.70166	1346.09192	0.48132
860.66200	23.35000	860.58500	240.88910	2462.70166	1346.09192	0.48132
860.71800	23.35000	860.58500	240.88910	2462.70166	1346.09192	0.48132
860.77400	23.35000	860.58500	240.88910	2462.70166	1346.09192	0.48132
860.83000	23.35000	860.58500	240.88910	2462.70166	1346.09192	0.48132
860.88700	23.35000	860.58500	240.88910	2462.70166	1346.09192	0.48132
860.94300	23.35000	860.58500	240.88910	2462.70166	1346.09192	0.48132
860.99900	23.35000	860.58500	240.88910	2462.66699	1346.20313	0.48221
861.05500	23.35000	860.58500	240.88910	2462.66699	1346.20313	0.48221
861.11100	23.35000	860.58500	240.88910	2462.66699	1346.20313	0.48221
861.16700	23.35000	860.58500	240.88910	2462.66699	1346.20313	0.48221
861.22400	23.35000	860.58500	240.88910	2462.66699	1346.20313	0.48221
861.28000	23.35000	860.58500	240.88910	2462.66699	1346.20313	0.48221
861.33800	23.35000	860.58500	240.88910	2462.66699	1346.20313	0.48221
861.39400	23.35000	860.58500	240.88910	2462.66699	1346.20313	0.48221
861.45000	23.35000	860.58500	240.88910	2462.66699	1346.20313	0.48221
861.50600	23.35000	860.58500	240.88910	2462.66699	1346.20313	0.48221
861.56500	23.35000	860.58500	240.88910	2462.62183	1346.00146	0.48300
861.62100	23.35000	860.58500	240.88910	2462.62183	1346.00146	0.48300
861.67700	23.35000	860.58500	240.88910	2462.62183	1346.00146	0.48300
861.73300	23.35000	860.58500	240.88910	2462.62183	1346.00146	0.48300
861.79000	23.35000	860.58500	240.88910	2462.62183	1346.00146	0.48300
861.84600	23.35000	860.58500	240.88910	2462.62183	1346.00146	0.48300
861.90200	23.35000	860.58500	240.88910	2462.62183	1346.00146	0.48300
861.95800	23.35000	860.58500	240.88910	2462.62183	1346.00146	0.48300
862.01500	23.35000	860.58500	240.88910	2462.62183	1346.00146	0.48300
862.07200	23.35000	860.58500	240.88910	2462.62183	1346.00146	0.48300
862.12800	23.35000	860.58500	240.88910	2462.65527	1346.10486	0.48317
862.18400	23.35000	860.58500	240.88910	2462.65527	1346.10486	0.48317
862.24000	23.35000	860.58500	240.88910	2462.65527	1346.10486	0.48317
862.29700	23.35000	860.58500	240.88910	2462.65527	1346.10486	0.48317
862.35600	23.35000	860.58500	240.88910	2462.65527	1346.10486	0.48317
862.41200	23.35000	860.58500	240.88910	2462.65527	1346.10486	0.48317
862.46900	23.35000	860.58500	240.88910	2462.65527	1346.10486	0.48317
862.52500	23.35000	860.58500	240.88910	2462.65527	1346.10486	0.48317
862.58200	23.30000	860.58500	240.88910	2462.65527	1346.10486	0.48317
862.63800	23.30000	860.58500	240.88910	2462.65527	1346.10486	0.48317
862.69400	23.30000	860.58500	240.88910	2462.70508	1346.28284	0.48180
862.75100	23.30000	860.58500	240.88910	2462.70508	1346.28284	0.48180
862.80700	23.30000	860.58500	240.88910	2462.70508	1346.28284	0.48180
862.86400	23.30000	860.58500	240.88910	2462.70508	1346.28284	0.48180
862.92000	23.30000	860.58500	240.88910	2462.70508	1346.28284	0.48180
862.97700	23.30000	860.58500	240.88910	2462.70508	1346.28284	0.48180
863.03200	23.30000	860.58500	240.88910	2462.70508	1346.28284	0.48180
863.08900	23.30000	860.58500	240.88910	2462.70508	1346.28284	0.48180
863.14500	23.30000	860.58500	240.88910	2462.70508	1346.28284	0.48180
863.20100	23.30000	860.58500	240.88910	2462.70508	1346.28284	0.48180
863.25700	23.30000	860.58500	240.88910	2462.71045	1346.41016	0.47729
863.31300	23.30000	860.58500	240.88910	2462.71045	1346.41016	0.47729
863.36900	23.30000	860.58500	240.88910	2462.71045	1346.41016	0.47729
863.42600	23.30000	860.58500	240.88910	2462.71045	1346.41016	0.47729
863.48200	23.30000	860.58500	240.88910	2462.71045	1346.41016	0.47729
863.53900	23.30000	860.58500	240.88910	2462.71045	1346.41016	0.47729
863.59500	23.30000	860.58500	240.88910	2462.71045	1346.41016	0.47729
863.65200	23.30000	860.58500	240.88910	2462.71045	1346.41016	0.47729
863.70900	23.30000	860.58500	240.88910	2462.71045	1346.41016	0.47729
863.76500	23.30000	860.58500	240.88910	2462.71045	1346.41016	0.47729
863.82200	23.30000	860.58500	240.88910	2462.72388	1346.39014	0.48344
863.87800	23.30000	860.58500	240.88910	2462.72388	1346.39014	0.48344
863.93400	23.30000	860.58500	240.88910	2462.72388	1346.39014	0.48344
863.99100	23.30000	860.58500	240.88910	2462.72388	1346.39014	0.48344
864.04700	23.30000	860.58500	240.88910	2462.72388	1346.39014	0.48344
864.10500	23.30000	860.58500	240.88910	2462.72388	1346.39014	0.48344
864.16300	23.30000	860.58500	240.88910	2462.72388	1346.39014	0.48344
864.22000	23.30000	860.58500	240.88910	2462.72388	1346.39014	0.48344
864.27600	23.30000	860.58500	240.88910	2462.72388	1346.39014	0.48344
864.33200	23.30000	860.58500	240.88910	2462.72388	1346.39014	0.48344
864.39000	23.30000	860.58500	240.88910	2462.74121	1346.04529	0.47196
864.44700	23.30000	860.58500	240.88910	2462.74121	1346.04529	0.47196
864.50300	23.30000	860.58500	240.88910	2462.74121	1346.04529	0.47196
864.56000	23.30000	860.58500	240.88910	2462.74121	1346.04529	0.47196
864.61600	23.30000	860.58500	240.88910	2462.74121	1346.04529	0.47196
864.67200	23.30000	860.58500	240.88910	2462.74121	1346.04529	0.47196
864.72800	23.30000	860.58500	240.88910	2462.74121	1346.04529	0.47196
864.79000	23.30000	860.58500	240.88910	2462.74121	1346.04529	0.47196
864.84600	23.30000	860.58500	240.88910	2462.74121	1346.04529	0.47196
864.90400	23.30000	860.58500	240.88910	2462.74121	1346.04529	0.47196
864.96100	23.30000	860.58500	240.88910	2462.72144	1346.10718	0.47783
865.01700	23.30000	860.58500	240.88910	2462.72144	1346.10718	0.47783
865.07200	23.30000	860.58500	240.88910	2462.72144	1346.10718	0.47783
865.12900	23.30000	860.58500	240.88910	2462.72144	1346.10718	0.47783
865.18600	23.30000	860.58500	240.88910	2462.72144	1346.10718	0.47783
865.24200	23.30000	860.58500	240.88910	2462.72144	1346.10718	0.47783
865.29800	23.30000	860.58500	240.88910	2462.72144	1346.10718	0.47783
865.35400	23.30000	860.58500	240.88910	2462.72144	1346.10718	0.47783
865.41100	23.30000	860.58500	240.88910	2462.72144	1346.10718	0.47783
865.46700	23.30000	860.58500	240.88910	2462.72144	1346.10718	0.47783
865.52400	23.30000	860.58500	240.88910	2462.75513	1346.10693	0.40336
865.58000	23.30000	860.58500	240.88910	2462.75513	1346.10693	0.40336
865.63600	23.30000	860.58500	240.88910	2462.75513	1346.10693	0.40336
865.69600	23.30000	860.58500	240.88910	2462.75513	1346.10693	0.40336
865.75200	23.30000	860.58500	240.88910	2462.75513	1346.10693	0.40336
865.80900	23.30000	860.58500	240.88910	2462.75513	1346.10693	0.40336
865.86500	23.30000	860.58500	240.88910	2462.75513	1346.10693	0.40336
865.92200	23.30000	860.58500	240.88910	2462.75513	1346.10693	0.40336
865.97800	23.30000	860.58500	240.88910	2462.75513	1346.10693	0.40336
866.03400	23.30000	860.58500	240.88910	2462.75513	1346.10693	0.40336
866.09100	23.30000	860.58500	240.88910	2462.73364	1346.36060	0.40370
866.14700	23.30000	860.58500	240.88910	2462.73364	1346.36060	0.40370
866.20400	23.30000	860.58500	240.88910	2462.73364	1346.36060	0.40370
866.26000	23.30000	860.58500	240.88910	2462.73364	1346.36060	0.40370
866.31600	23.30000	860.58500	240.88910	2462.73364	1346.36060	0.40370
866.37200	23.30000	860.58500	240.88910	2462.73364	1346.36060	0.40370
866.42800	23.30000	860.58500	240.88910	2462.73364	1346.36060	0.40370
866.48400	23.30000	860.58500	240.88910	2462.73364	1346.36060	0.40370
866.54000	23.30000	860.58500	240.88910	2462.73364	1346.36060	0.40370
866.59700	23.30000	860.58500	240.88910	2462.73364	1346.36060	0.40370
866.65300	23.30000	860.58500	240.88910	2462.69434	1346.32141	0.40142
866.71000	23.30000	860.58500	240.88910	2462.69434	1346.32141	0.40142
866.76600	23.30000	860.58500	240.88910	2462.69434	1346.32141	0.40142
866.82200	23.30000	860.58500	240.88910	2462.69434	1346.32141	0.40142
866.87800	23.30000	860.58500	240.88910	2462.69434	1346.32141	0.40142
866.93500	23.30000	860.58500	240.88910	2462.69434	1346.32141	0.40142
866.99200	23.30000	860.58500	240.88910	2462.69434	1346.32141	0.40142
867.04800	23.30000	860.58500	240.88910	2462.69434	1346.32141	0.40142
867.10500	23.30000	860.58500	240.88910	2462.69434	1346.32141	0.40142
867.16100	23.30000	860.58500	240.88910	2462.69434	1346.32141	0.40142
867.21700	23.30000	860.58500	240.88910	2462.73755	1346.19055	0.39835
867.27300	23.30000	860.58500	240.88910	2462.73755	1346.19055	0.39835
867.32900	23.30000	860.58500	240.88910	2462.73755	1346.19055	0.39835
867.38500	23.30000	860.58500	240.88910	2462.73755	1346.19055	0.39835
867.44200	23.30000	860.58500	240.88910	2462.73755	1346.19055	0.39835
867.49900	23.30000	860.58500	240.88910	2462.73755	1346.19055	0.39835
867.55500	23.30000	860.58500	240.88910	2462.73755	1346.19055	0.39835
867.61300	23.30000	860.58500	240.88910	2462.73755	1346.19055	0.39835
867.66900	23.30000	860.58500	240.88910	2462.73755	1346.19055	0.39835
867.72500	23.30000	860.58500	240.88910	2462.73755	1346.19055	0.39835
867.78100	23.30000	860.58500	240.88910	2462.81958	1345.95825	0.39941
867.83800	23.30000	860.58500	240.88910	2462.81958	1345.95825	0.39942
867.89500	23.30000	860.58500	240.88910	2462.81958	1345.95825	0.39941
867.95100	23.30000	860.58500	240.88910	2462.81958	1345.95825	0.39942
868.00800	23.30000	860.58500	240.88910	2462.81958	1345.95825	0.39941
868.06400	23.30000	860.58500	240.88910	2462.81958	1345.95825	0.39942
868.12100	23.30000	860.58500	240.88910	2462.81958	1345.95825	0.39942
868.17800	23.30000	860.58500	240.88910	2462.81958	1345.95825	0.39942
868.23400	23.30000	860.58500	240.88910	2462.81958	1345.95825	0.39941
868.29100	23.30000	860.58500	240.88910	2462.81958	1345.95825	0.39941
868.34700	23.30000	860.58500	240.88910	2462.71289	1346.28833	0.39978
868.40400	23.30000	860.58500	240.88910	2462.71289	1346.28833	0.39978
868.46100	23.30000	860.58500	240.88910	2462.71289	1346.28833	0.39978
868.51800	23.30000	860.58500	240.88910	2462.71289	1346.28833	0.39978
868.57500	23.30000	860.58500	240.88910	2462.71289	1346.28833	0.39978
868.63200	23.30000	860.58500	240.88910	2462.71289	1346.28833	0.39978
868.68800	23.30000	860.58500	240.88910	2462.71289	1346.28833	0.39978
868.74400	23.30000	860.58500	240.88910	2462.71289	1346.28833	0.39978
868.80100	23.30000	860.58500	240.88910	2462.71289	1346.28833	0.39978
868.85700	23.30000	860.58500	240.88910	2462.71289	1346.28833	0.39978
868.91300	23.30000	860.58500	240.88910	2462.77490	1346.12756	0.39996
868.96900	23.30000	860.58500	240.88910	2462.77490	1346.12756	0.39996
869.02600	23.30000	860.58500	240.88910	2462.77490	1346.12756	0.39996
869.08200	23.30000	860.58500	240.88910	2462.77490	1346.12756	0.39996
869.14000	23.30000	860.58500	240.88910	2462.77490	1346.12756	0.39996
869.19700	23.30000	860.58500	240.88910	2462.77490	1346.12756	0.39996
869.25300	23.30000	860.58500	240.88910	2462.77490	1346.12756	0.39996
869.30900	23.30000	860.58500	240.88910	2462.77490	1346.12756	0.39996
869.36500	23.30000	860.58500	240.88910	2462.77490	1346.12756	0.39996
869.42200	23.30000	860.58500	240.88910	2462.77490	1346.12756	0.39996
869.47800	23.30000	860.58500	240.88910	2462.70117	1346.27087	0.40071
869.53700	23.30000	860.58500	240.88910	2462.70117	1346.27087	0.40071
869.59300	23.30000	860.58500	240.88910	2462.70117	1346.27087	0.40071
869.64900	23.30000	860.58500	240.88910	2462.70117	1346.27087	0.40071
869.70500	23.30000	860.58500	240.88910	2462.70117	1346.27087	0.40071
869.76100	23.30000	860.58500	240.88910	2462.70117	1346.27087	0.40071
869.81700	23.30000	860.58500	240.88910	2462.70117	1346.27087	0.40071
869.87300	23.30000	860.58500	240.88910	2462.70117	1346.27087	0.40071
869.93000	23.30000	860.58500	240.88910	2462.70117	1346.27087	0.40071
869.98600	23.30000	860.58500	240.88910	2462.70117	1346.27087	0.40071
870.04300	23.30000	860.58500	240.88910	2462.74023	1346.17603	0.39890
870.09900	23.30000	860.58500	240.88910	2462.74023	1346.17603	0.39890
870.15500	23.30000	860.58500	240.88910	2462.74023	1346.17603	0.39890
870.21100	23.30000	860.58500	240.88910	2462.74023	1346.17603	0.39890
870.26700	23.30000	860.58500	240.88910	2462.74023	1346.17603	0.39890
870.32400	23.30000	860.58500	240.88910	2462.74023	1346.17603	0.39890
870.38000	23.30000	860.58500	240.88910	2462.74023	1346.17603	0.39890
870.43700	23.30000	860.58500	240.88910	2462.74023	1346.17603	0.39890
870.49400	23.30000	860.58500	240.88910	2462.74023	1346.17603	0.39890
870.54900	23.30000	860.58500	240.88910	2462.74023	1346.17603	0.39890
870.60500	23.30000	860.58500	240.88910	2462.75391	1346.29004	0.40172
870.66200	23.30000	860.58500	240.88910	2462.75391	1346.29004	0.40172
870.71900	23.30000	860.58500	240.88910	2462.75391	1346.29004	0.40172
870.77500	23.30000	860.58500	240.88910	2462.75391	1346.29004	0.40172
870.83200	23.30000	860.58500	240.88910	2462.75391	1346.29004	0.40172
870.88800	23.30000	860.58500	240.88910	2462.75391	1346.29004	0.40172
870.94400	23.30000	860.58500	240.88910	2462.75391	1346.29004	0.40172
871.00000	23.30000	860.58500	240.88910	2462.75391	1346.29004	0.40172
871.05600	23.30000	860.58500	240.88910	2462.75391	1346.29004	0.40172
871.11200	23.30000	860.58500	240.88910	2462.75391	1346.29004	0.40172
871.17200	23.30000	860.58500	240.88910	2462.72095	1346.24133	0.40069
871.22800	23.30000	860.58500	240.88910	2462.72095	1346.24133	0.40069
871.28400	23.30000	860.58500	240.88910	2462.72095	1346.24133	0.40069
871.34000	23.30000	860.58500	240.88910	2462.72095	1346.24133	0.40069
871.39700	23.30000	860.58500	240.88910	2462.72095	1346.24133	0.40069
871.45300	23.30000	860.58500	240.88910	2462.72095	1346.24133	0.40069
871.50900	23.30000	860.58500	240.88910	2462.72095	1346.24133	0.40069
871.56500	23.30000	860.58500	240.88910	2462.72095	1346.24133	0.40069
871.62100	23.30000	860.58500	240.88910	2462.72095	1346.24133	0.40069
871.67700	23.30000	860.58500	240.88910	2462.72095	1346.24133	0.40069
871.73300	23.30000	860.58500	240.88910	2462.74243	1346.20520	0.40006
871.79000	23.30000	860.58500	240.88910	2462.74243	1346.20520	0.40006
871.84600	23.30000	860.58500	240.88910	2462.74243	1346.20520	0.40006
871.90200	23.30000	860.58500	240.88910	2462.74243	1346.20520	0.40006
871.95900	23.30000	860.58500	240.88910	2462.74243	1346.20520	0.40006
872.01700	23.30000	860.58500	240.88910	2462.74243	1346.20520	0.40006
872.07400	23.30000	860.58500	240.88910	2462.74243	1346.20520	0.40006
872.13000	23.30000	860.58500	240.88910	2462.74243	1346.20520	0.40006
872.18700	23.30000	860.58500	240.88910	2462.74243	1346.20520	0.40006
872.24300	23.30000	860.58500	240.88910	2462.74243	1346.20520	0.40006
872.29900	23.30000	860.58500	240.88910	2462.69409	1346.16895	0.39668
872.35500	23.30000	860.58500	240.88910	2462.69409	1346.16895	0.39668
872.41200	23.30000	860.58500	240.88910	2462.69409	1346.16895	0.39668
872.46800	23.30000	860.58500	240.88910	2462.69409	1346.16895	0.39668
872.52500	23.30000	860.58500	240.88910	2462.69409	1346.16895	0.39668
872.58100	23.30000	860.58500	240.88910	2462.69409	1346.16895	0.39668
872.63700	23.30000	860.58500	240.88910	2462.69409	1346.16895	0.39668
872.69300	23.30000	860.58500	240.88910	2462.69409	1346.16895	0.39668
872.74900	23.30000	860.58500	240.88910	2462.69409	1346.16895	0.39668
872.80600	23.30000	860.58500	240.88910	2462.69409	1346.16895	0.39668
872.86200	23.30000	860.58500	240.88910	2462.66309	1346.20288	0.39869
872.92000	23.30000	860.58500	240.88910	2462.66309	1346.20288	0.39869
872.97600	23.30000	860.58500	240.88910	2462.66309	1346.20288	0.39869
873.03300	23.30000	860.58500	240.88910	2462.66309	1346.20288	0.39869
873.09000	23.30000	860.58500	240.88910	2462.66309	1346.20288	0.39869
873.14600	23.30000	860.58500	240.88910	2462.66309	1346.20288	0.39869
873.20200	23.30000	860.58500	240.88910	2462.66309	1346.20288	0.39869
873.25800	23.30000	860.58500	240.88910	2462.66309	1346.20288	0.39869
873.31500	23.30000	860.58500	240.88910	2462.66309	1346.20288	0.39869
873.37100	23.30000	860.58500	240.88910	2462.66309	1346.20288	0.39869
873.42700	23.30000	860.58500	240.88910	2462.68188	1345.92383	0.39754
873.48300	23.30000	860.58500	240.88910	2462.68188	1345.92383	0.39754
873.53900	23.30000	860.58500	240.88910	2462.68188	1345.92383	0.39754
873.59500	23.30000	860.58500	240.88910	2462.68188	1345.92383	0.39754
873.65100	23.30000	860.58500	240.88910	2462.68188	1345.92383	0.39754
873.70900	23.30000	860.58500	240.88910	2462.68188	1345.92383	0.39754
873.76600	23.30000	860.58500	240.88910	2462.68188	1345.92383	0.39754
873.82300	23.30000	860.58500	240.88910	2462.68188	1345.92383	0.39754
873.88000	23.30000	860.58500	240.88910	2462.68188	1345.92383	0.39754
873.93600	23.30000	860.58500	240.88910	2462.68188	1345.92383	0.39754
873.99200	23.30000	860.58500	240.88910	2462.71191	1346.18335	0.39983
874.04800	23.30000	860.58500	240.88910	2462.71191	1346.18335	0.39983
874.10400	23.30000	860.58500	240.88910	2462.71191	1346.18335	0.39983
874.16000	23.30000	860.58500	240.88910	2462.71191	1346.18335	0.39983
874.21700	23.30000	860.58500	240.88910	2462.71191	1346.18335	0.39983
874.27300	23.30000	860.58500	240.88910	2462.71191	1346.18335	0.39983
874.32900	23.30000	860.58500	240.88910	2462.71191	1346.18335	0.39983
874.38600	23.30000	860.58500	240.88910	2462.71191	1346.18335	0.39983
874.44200	23.30000	860.58500	240.88910	2462.71191	1346.18335	0.39983
874.49800	23.30000	860.58500	240.88910	2462.71191	1346.18335	0.39983
874.55400	23.30000	860.58500	240.88910	2462.76758	1345.97766	0.40332
874.61000	23.30000	860.58500	240.88910	2462.76758	1345.97766	0.40332
874.66700	23.30000	860.58500	240.88910	2462.76758	1345.97766	0.40332
874.72400	23.30000	860.58500	240.88910	2462.76758	1345.97766	0.40332
874.78100	23.30000	860.58500	240.88910	2462.76758	1345.97766	0.40332
874.83800	23.30000	860.58500	240.88910	2462.76758	1345.97766	0.40332
874.89400	23.30000	860.58500	240.88910	2462.76758	1345.97766	0.40332
874.95100	23.30000	860.58500	240.88910	2462.76758	1345.97766	0.40332
875.00700	23.30000	860.58500	240.88910	2462.76758	1345.97766	0.40332
875.06300	23.30000	860.58500	240.88910	2462.76758	1345.97766	0.40332
875.12000	23.30000	860.58500	240.88910	2462.72900	1346.14368	0.40356
875.17600	23.30000	860.58500	240.88910	2462.72900	1346.14368	0.40356
875.23200	23.30000	860.58500	240.88910	2462.72900	1346.14368	0.40356
875.28800	23.30000	860.58500	240.88910	2462.72900	1346.14368	0.40356
875.34400	23.30000	860.58500	240.88910	2462.72900	1346.14368	0.40356
875.40100	23.30000	860.58500	240.88910	2462.72900	1346.14368	0.40356
875.45800	23.30000	860.58500	240.88910	2462.72900	1346.14368	0.40356
875.51300	23.30000	860.58500	240.88910	2462.72900	1346.14368	0.40356
875.57000	23.30000	860.58500	240.88910	2462.72900	1346.14368	0.40356
875.62500	23.30000	860.58500	240.88910	2462.72900	1346.14368	0.40356
875.68500	23.30000	860.58500	240.88910	2462.77344	1346.38843	0.40681
875.74200	23.30000	860.58500	240.88910	2462.77344	1346.38843	0.40681
875.79800	23.30000	860.58500	240.88910	2462.77344	1346.38843	0.40681
875.85400	23.30000	860.58500	240.88910	2462.77344	1346.38843	0.40681
875.91000	23.30000	860.58500	240.88910	2462.77344	1346.38843	0.40681
875.96700	23.30000	860.58500	240.88910	2462.77344	1346.38843	0.40681
876.02300	23.30000	860.58500	240.88910	2462.77344	1346.38843	0.40681
876.07900	23.30000	860.58500	240.88910	2462.77344	1346.38843	0.40681
876.13600	23.30000	860.58500	240.88910	2462.77344	1346.38843	0.40681
876.19300	23.30000	860.58500	240.88910	2462.77344	1346.38843	0.40681
876.24900	23.30000	860.58500	240.88910	2462.65454	1346.29895	0.40644
876.30500	23.30000	860.58500	240.88910	2462.65454	1346.29895	0.40644
876.36100	23.30000	860.58500	240.88910	2462.65454	1346.29895	0.40644
876.41700	23.30000	860.58500	240.88910	2462.65454	1346.29895	0.40644
876.47300	23.30000	860.58500	240.88910	2462.65454	1346.29895	0.40644
876.53000	23.30000	860.58500	240.88910	2462.65454	1346.29895	0.40644
876.58800	23.30000	860.58500	240.88910	2462.65454	1346.29895	0.40644
876.64400	23.30000	860.58500	240.88910	2462.65454	1346.29895	0.40644
876.70200	23.30000	860.58500	240.88910	2462.65454	1346.29895	0.40644
876.75800	23.30000	860.58500	240.88910	2462.65454	1346.29895	0.40644
876.81400	23.30000	860.58500	240.88910	2462.75854	1346.08313	0.39991
876.87100	23.30000	860.58500	240.88910	2462.75854	1346.08313	0.39991
876.92700	23.30000	860.58500	240.88910	2462.75854	1346.08313	0.39991
876.98300	23.30000	860.58500	240.88910	2462.75854	1346.08313	0.39991
877.03800	23.30000	860.58500	240.88910	2462.75854	1346.08313	0.39991
877.09600	23.30000	860.58500	240.88910	2462.75854	1346.08313	0.39991
877.15200	23.30000	860.58500	240.88910	2462.75854	1346.08313	0.39991
877.20900	23.30000	860.58500	240.88910	2462.75854	1346.08313	0.39991
877.26500	23.30000	860.58500	240.88910	2462.75854	1346.08313	0.39991
877.32200	23.30000	860.58500	240.88910	2462.75854	1346.08313	0.39991
877.37800	23.30000	860.58500	240.88910	2462.64136	1346.17163	0.40498
877.43400	23.30000	860.58500	240.88910	2462.64136	1346.17163	0.40498
877.49500	23.30000	860.58500	240.88910	2462.64136	1346.17163	0.40498
877.55100	23.30000	860.58500	240.88910	2462.64136	1346.17163	0.40498
877.60900	23.30000	860.58500	240.88910	2462.64136	1346.17163	0.40498
877.66500	23.30000	860.58500	240.88910	2462.64136	1346.17163	0.40498
877.72200	23.30000	860.58500	240.88910	2462.64136	1346.17163	0.40498
877.77700	23.30000	860.58500	240.88910	2462.64136	1346.17163	0.40498
877.83400	23.30000	860.58500	240.88910	2462.64136	1346.17163	0.40498
877.89400	23.30000	860.58500	240.88910	2462.64136	1346.17163	0.40498
877.95000	23.30000	860.58500	240.88910	2462.58691	1346.09753	0.40037
878.01200	23.30000	860.58500	240.88910	2462.58691	1346.09753	0.40037
878.06800	23.30000	860.58500	240.88910	2462.58691	1346.09753	0.40037
878.12600	23.30000	860.58500	240.88910	2462.58691	1346.09753	0.40037
878.18200	23.30000	860.58500	240.88910	2462.58691	1346.09753	0.40037
878.23800	23.30000	860.58500	240.88910	2462.58691	1346.09753	0.40037
878.29500	23.30000	860.58500	240.88910	2462.58691	1346.09753	0.40037
878.35200	23.30000	860.58500	240.88910	2462.58691	1346.09753	0.40037
878.40900	23.30000	860.58500	240.88910	2462.58691	1346.09753	0.40037
878.46500	23.30000	860.58500	240.88910	2462.58691	1346.09753	0.40037
878.52100	23.30000	860.58500	240.88910	2462.70801	1346.39539	0.40741
878.57700	23.30000	860.58500	240.88910	2462.70801	1346.39539	0.40741
878.63300	23.30000	860.58500	240.88910	2462.70801	1346.39539	0.40741
878.68900	23.30000	860.58500	240.88910	2462.70801	1346.39539	0.40741
878.74600	23.30000	860.58500	240.88910	2462.70801	1346.39539	0.40741
878.80200	23.30000	860.58500	240.88910	2462.70801	1346.39539	0.40741
878.85800	23.30000	860.58500	240.88910	2462.70801	1346.39539	0.40741
878.91400	23.30000	860.58500	240.88910	2462.70801	1346.39539	0.40741
878.97000	23.30000	860.58500	240.88910	2462.70801	1346.39539	0.40741
879.02700	23.30000	860.58500	240.88910	2462.70801	1346.39539	0.40741
879.08400	23.30000	860.58500	240.88910	2462.70313	1346.26416	0.40668
879.14100	23.30000	860.58500	240.88910	2462.70313	1346.26416	0.40668
879.19800	23.30000	860.58500	240.88910	2462.70313	1346.26416	0.40668
879.25500	23.30000	860.58500	240.88910	2462.70313	1346.26416	0.40668
879.31100	23.30000	860.58500	240.88910	2462.70313	1346.26416	0.40668
879.36700	23.30000	860.58500	240.88910	2462.70313	1346.26416	0.40668
879.42400	23.30000	860.58500	240.88910	2462.70313	1346.26416	0.40668
879.48200	23.30000	860.58500	240.88910	2462.70313	1346.26416	0.40668
879.53800	23.30000	860.58500	240.88910	2462.70313	1346.26416	0.40668
879.59500	23.30000	860.58500	240.88910	2462.70313	1346.26416	0.40668
879.65100	23.30000	860.58500	240.88910	2462.60449	1346.09216	0.40374
879.70900	23.30000	860.58500	240.88910	2462.60449	1346.09216	0.40374
879.76500	23.30000	860.58500	240.88910	2462.60449	1346.09216	0.40374
879.82100	23.30000	860.58500	240.88910	2462.60449	1346.09216	0.40374
879.87700	23.30000	860.58500	240.88910	2462.60449	1346.09216	0.40374
879.93300	23.30000	860.58500	240.88910	2462.60449	1346.09216	0.40374
879.99000	23.30000	860.58500	240.88910	2462.60449	1346.09216	0.40374
880.04700	23.30000	860.58500	240.88910	2462.60449	1346.09216	0.40374
880.10300	23.30000	860.58500	240.88910	2462.60449	1346.09216	0.40374
