1155.86300	23.65000	860.58500	241.18740	2446.27222	1343.70544	0.45781
1155.91500	23.65000	860.58500	241.18740	2446.27222	1343.70544	0.45781
1155.96500	23.65000	860.58500	241.18740	2446.27222	1343.70544	0.45781
1156.01600	23.65000	860.58500	241.18740	2446.27222	1343.70544	0.45781
1156.06800	23.65000	860.58500	241.18740	2446.27222	1343.70544	0.45781
1156.12000	23.65000	860.58500	241.18740	2446.27222	1343.70544	0.45781
1156.17000	23.65000	860.58500	241.18740	2446.27222	1343.70544	0.45781
1156.22100	23.65000	860.58500	241.18740	2446.27222	1343.70544	0.45781
1156.27200	23.65000	860.58500	241.18740	2446.27222	1343.70544	0.45781
1156.32300	23.65000	860.58500	241.18740	2446.27222	1343.70544	0.45781
1156.37500	23.65000	860.58500	241.18740	2446.30176	1343.78040	0.45141
1156.42600	23.65000	860.58500	241.18740	2446.30176	1343.78040	0.45141
1156.47700	23.65000	860.58500	241.18740	2446.30176	1343.78040	0.45141
1156.52900	23.65000	860.58500	241.18740	2446.30176	1343.78040	0.45141
1156.58100	23.65000	860.58500	241.18740	2446.30176	1343.78040	0.45141
1156.63200	23.65000	860.58500	241.18740	2446.30176	1343.78040	0.45141
1156.68600	23.65000	860.58500	241.18740	2446.30176	1343.78040	0.45141
1156.73700	23.65000	860.58500	241.18740	2446.30176	1343.78040	0.45141
1156.78900	23.65000	860.58500	241.18740	2446.30176	1343.78040	0.45141
1156.84000	23.65000	860.58500	241.18740	2446.30176	1343.78040	0.45141
1156.89300	23.65000	860.58500	241.18740	2446.24438	1343.85425	0.45390
1156.94400	23.65000	860.58500	241.18740	2446.24438	1343.85425	0.45390
1156.99600	23.65000	860.58500	241.18740	2446.24438	1343.85425	0.45390
1157.04700	23.65000	860.58500	241.18740	2446.24438	1343.85425	0.45390
1157.10000	23.65000	860.58500	241.18740	2446.24438	1343.85425	0.45390
1157.15100	23.65000	860.58500	241.18740	2446.24438	1343.85425	0.45390
1157.20300	23.65000	860.58500	241.18740	2446.24438	1343.85425	0.45390
1157.25400	23.65000	860.58500	241.18740	2446.24438	1343.85425	0.45390
1157.30500	23.65000	860.58500	241.18740	2446.24438	1343.85425	0.45390
1157.35600	23.65000	860.58500	241.18740	2446.24438	1343.85425	0.45390
1157.40800	23.65000	860.58500	241.18740	2446.18359	1343.82617	0.45814
1157.46000	23.65000	860.58500	241.18740	2446.18359	1343.82617	0.45814
1157.51100	23.65000	860.58500	241.18740	2446.18359	1343.82617	0.45814
1157.56300	23.65000	860.58500	241.18740	2446.18359	1343.82617	0.45814
1157.61500	23.65000	860.58500	241.18740	2446.18359	1343.82617	0.45814
1157.66600	23.50000	860.58500	241.18740	2446.18359	1343.82617	0.45814
1157.71700	23.50000	860.58500	241.18740	2446.18359	1343.82617	0.45814
1157.76900	23.50000	860.58500	241.18740	2446.18359	1343.82617	0.45814
1157.82000	23.50000	860.58500	241.18740	2446.18359	1343.82617	0.45814
1157.87100	23.50000	860.58500	241.18740	2446.18359	1343.82617	0.45814
1157.92400	23.50000	860.58500	241.18740	2446.42920	1343.67139	0.38791
1157.97600	23.50000	860.58500	241.18740	2446.42920	1343.67139	0.38791
1158.02900	23.50000	860.58500	241.18740	2446.42920	1343.67139	0.38791
1158.08000	23.50000	860.58500	241.18740	2446.42920	1343.67139	0.38791
1158.13200	23.50000	860.58500	241.18740	2446.42920	1343.67139	0.38791
1158.18300	23.50000	860.58500	241.18740	2446.42920	1343.67139	0.38791
1158.23400	23.50000	860.58500	241.18740	2446.42920	1343.67139	0.38791
1158.28600	23.50000	860.58500	241.18740	2446.42920	1343.67139	0.38791
1158.33900	23.50000	860.58500	241.18740	2446.42920	1343.67139	0.38791
1158.39000	23.50000	860.58500	241.18740	2446.42920	1343.67139	0.38791
1158.44200	23.50000	860.58500	241.18740	2446.47803	1343.60046	0.38402
1158.49300	23.50000	860.58500	241.18740	2446.47803	1343.60046	0.38402
1158.54500	23.50000	860.58500	241.18740	2446.47803	1343.60046	0.38402
1158.59600	23.50000	860.58500	241.18740	2446.47803	1343.60046	0.38402
1158.64700	23.50000	860.58500	241.18740	2446.47803	1343.60046	0.38402
1158.69800	23.50000	860.58500	241.18740	2446.47803	1343.60046	0.38402
1158.74900	23.50000	860.58500	241.18740	2446.47803	1343.60046	0.38402
1158.80100	23.50000	860.58500	241.18740	2446.47803	1343.60046	0.38402
1158.85200	23.50000	860.58500	241.18740	2446.47803	1343.60046	0.38402
1158.90300	23.50000	860.58500	241.18740	2446.47803	1343.60046	0.38402
1158.95400	23.50000	860.58500	241.18740	2446.54614	1343.70825	0.38604
1159.00600	23.50000	860.58500	241.18740	2446.54614	1343.70825	0.38604
1159.05800	23.50000	860.58500	241.18740	2446.54614	1343.70825	0.38604
1159.11000	23.50000	860.58500	241.18740	2446.54614	1343.70825	0.38604
1159.16100	23.50000	860.58500	241.18740	2446.54614	1343.70825	0.38604
1159.21200	23.50000	860.58500	241.18740	2446.54614	1343.70825	0.38604
1159.26300	23.50000	860.58500	241.18740	2446.54614	1343.70825	0.38604
1159.31400	23.50000	860.58500	241.18740	2446.54614	1343.70825	0.38604
1159.36500	23.50000	860.58500	241.18740	2446.54614	1343.70825	0.38604
1159.41600	23.50000	860.58500	241.18740	2446.54614	1343.70825	0.38604
1159.46700	23.50000	860.58500	241.18740	2446.48560	1343.46521	0.38770
1159.51900	23.50000	860.58500	241.18740	2446.48560	1343.46521	0.38770
1159.57000	23.50000	860.58500	241.18740	2446.48560	1343.46521	0.38770
1159.62100	23.50000	860.58500	241.18740	2446.48560	1343.46521	0.38770
1159.67200	23.50000	860.58500	241.18740	2446.48560	1343.46521	0.38770
1159.72300	23.50000	860.58500	241.18740	2446.48560	1343.46521	0.38770
1159.77400	23.50000	860.58500	241.18740	2446.48560	1343.46521	0.38770
1159.82600	23.50000	860.58500	241.18740	2446.48560	1343.46521	0.38770
1159.87700	23.50000	860.58500	241.18740	2446.48560	1343.46521	0.38770
1159.92900	23.50000	860.58500	241.18740	2446.48560	1343.46521	0.38770
1159.98000	23.50000	860.58500	241.18740	2446.54956	1343.50806	0.38471
1160.03100	23.50000	860.58500	241.18740	2446.54956	1343.50806	0.38470
1160.08200	23.50000	860.58500	241.18740	2446.54956	1343.50806	0.38470
1160.13400	23.50000	860.58500	241.18740	2446.54956	1343.50806	0.38471
1160.18500	23.50000	860.58500	241.18740	2446.54956	1343.50806	0.38470
1160.23600	23.50000	860.58500	241.18740	2446.54956	1343.50806	0.38471
1160.28700	23.50000	860.58500	241.18740	2446.54956	1343.50806	0.38470
1160.33800	23.50000	860.58500	241.18740	2446.54956	1343.50806	0.38470
1160.38900	23.50000	860.58500	241.18740	2446.54956	1343.50806	0.38471
1160.44000	23.50000	860.58500	241.18740	2446.54956	1343.50806	0.38470
1160.49300	23.50000	860.58500	241.18740	2446.42236	1343.35303	0.38268
1160.54400	23.50000	860.58500	241.18740	2446.42236	1343.35303	0.38268
1160.59600	23.50000	860.58500	241.18740	2446.42236	1343.35303	0.38268
1160.64700	23.50000	860.58500	241.18740	2446.42236	1343.35303	0.38268
1160.69800	23.50000	860.58500	241.18740	2446.42236	1343.35303	0.38268
1160.75000	23.50000	860.58500	241.18740	2446.42236	1343.35303	0.38268
1160.80200	23.50000	860.58500	241.18740	2446.42236	1343.35303	0.38268
1160.85400	23.50000	860.58500	241.18740	2446.42236	1343.35303	0.38268
1160.90500	23.50000	860.58500	241.18740	2446.42236	1343.35303	0.38268
1160.95700	23.50000	860.58500	241.18740	2446.42236	1343.35303	0.38268
1161.01000	23.50000	860.58500	241.18740	2446.45508	1343.69019	0.38274
1161.06000	23.50000	860.58500	241.18740	2446.45508	1343.69019	0.38274
1161.11300	23.50000	860.58500	241.18740	2446.45508	1343.69019	0.38274
1161.16400	23.50000	860.58500	241.18740	2446.45508	1343.69019	0.38274
1161.21500	23.50000	860.58500	241.18740	2446.45508	1343.69019	0.38274
1161.26600	23.50000	860.58500	241.18740	2446.45508	1343.69019	0.38274
1161.31800	23.50000	860.58500	241.18740	2446.45508	1343.69019	0.38274
1161.36800	23.50000	860.58500	241.18740	2446.45508	1343.69019	0.38274
1161.41900	23.50000	860.58500	241.18740	2446.45508	1343.69019	0.38274
1161.47000	23.50000	860.58500	241.18740	2446.45508	1343.69019	0.38274
1161.52100	23.50000	860.58500	241.18740	2446.48901	1343.63831	0.38418
1161.57200	23.50000	860.58500	241.18740	2446.48901	1343.63831	0.38418
1161.62400	23.50000	860.58500	241.18740	2446.48901	1343.63831	0.38418
1161.67500	23.50000	860.58500	241.18740	2446.48901	1343.63831	0.38418
1161.72600	23.50000	860.58500	241.18740	2446.48901	1343.63831	0.38418
1161.77600	23.50000	860.58500	241.18740	2446.48901	1343.63831	0.38418
1161.82700	23.50000	860.58500	241.18740	2446.48901	1343.63831	0.38418
1161.87900	23.50000	860.58500	241.18740	2446.48901	1343.63831	0.38418
1161.93000	23.50000	860.58500	241.18740	2446.48901	1343.63831	0.38418
1161.98000	23.50000	860.58500	241.18740	2446.48901	1343.63831	0.38418
1162.03200	23.50000	860.58500	241.18740	2446.49023	1343.58374	0.38380
1162.08400	23.50000	860.58500	241.18740	2446.49023	1343.58374	0.38380
1162.13500	23.50000	860.58500	241.18740	2446.49023	1343.58374	0.38380
1162.18600	23.50000	860.58500	241.18740	2446.49023	1343.58374	0.38380
1162.23800	23.50000	860.58500	241.18740	2446.49023	1343.58374	0.38380
1162.28900	23.50000	860.58500	241.18740	2446.49023	1343.58374	0.38380
1162.34100	23.50000	860.58500	241.18740	2446.49023	1343.58374	0.38380
1162.39300	23.50000	860.58500	241.18740	2446.49023	1343.58374	0.38380
1162.44500	23.50000	860.58500	241.18740	2446.49023	1343.58374	0.38380
1162.49600	23.50000	860.58500	241.18740	2446.49023	1343.58374	0.38380
1162.54800	23.50000	860.58500	241.18740	2446.49854	1343.78650	0.38677
1162.60000	23.50000	860.58500	241.18740	2446.49854	1343.78650	0.38677
1162.65100	23.50000	860.58500	241.18740	2446.49854	1343.78650	0.38677
1162.70200	23.50000	860.58500	241.18740	2446.49854	1343.78650	0.38677
1162.75300	23.50000	860.58500	241.18740	2446.49854	1343.78650	0.38677
1162.80500	23.50000	860.58500	241.18740	2446.49854	1343.78650	0.38677
1162.85600	23.50000	860.58500	241.18740	2446.49854	1343.78650	0.38677
1162.90800	23.50000	860.58500	241.18740	2446.49854	1343.78650	0.38677
1162.95900	23.50000	860.58500	241.18740	2446.49854	1343.78650	0.38677
1163.01000	23.50000	860.58500	241.18740	2446.49854	1343.78650	0.38677
1163.06000	23.50000	860.58500	241.18740	2446.48291	1343.68201	0.38151
1163.11100	23.50000	860.58500	241.18740	2446.48291	1343.68201	0.38151
1163.16200	23.50000	860.58500	241.18740	2446.48291	1343.68201	0.38151
1163.21300	23.50000	860.58500	241.18740	2446.48291	1343.68201	0.38151
1163.26400	23.50000	860.58500	241.18740	2446.48291	1343.68201	0.38151
1163.31600	23.50000	860.58500	241.18740	2446.48291	1343.68201	0.38151
1163.36700	23.50000	860.58500	241.18740	2446.48291	1343.68201	0.38151
1163.41800	23.50000	860.58500	241.18740	2446.48291	1343.68201	0.38151
1163.47200	23.50000	860.58500	241.18740	2446.48291	1343.68201	0.38151
1163.52300	23.50000	860.58500	241.18740	2446.48291	1343.68201	0.38151
1163.57600	23.50000	860.58500	241.18740	2446.49072	1343.71350	0.38230
1163.62700	23.50000	860.58500	241.18740	2446.49072	1343.71350	0.38230
1163.68000	23.35000	860.58500	241.18740	2446.49072	1343.71350	0.38230
1163.73100	23.35000	860.58500	241.18740	2446.49072	1343.71350	0.38230
1163.78300	23.35000	860.58500	241.18740	2446.49072	1343.71350	0.38230
1163.83400	23.35000	860.58500	241.18740	2446.49072	1343.71350	0.38230
1163.88700	23.35000	860.58500	241.18740	2446.49072	1343.71350	0.38230
1163.93800	23.35000	860.58500	241.18740	2446.49072	1343.71350	0.38230
1163.98900	23.35000	860.58500	241.18740	2446.49072	1343.71350	0.38230
1164.04000	23.35000	860.58500	241.18740	2446.49072	1343.71350	0.38230
1164.09400	23.35000	860.58500	241.18740	2446.50098	1343.48694	0.35990
1164.14500	23.35000	860.58500	241.18740	2446.50098	1343.48694	0.35990
1164.19600	23.35000	860.58500	241.18740	2446.50098	1343.48694	0.35990
1164.24700	23.35000	860.58500	241.18740	2446.50098	1343.48694	0.35990
1164.29800	23.35000	860.58500	241.18740	2446.50098	1343.48694	0.35990
1164.35000	23.35000	860.58500	241.18740	2446.50098	1343.48694	0.35990
1164.40100	23.35000	860.58500	241.18740	2446.50098	1343.48694	0.35990
1164.45200	23.35000	860.58500	241.18740	2446.50098	1343.48694	0.35990
1164.50300	23.35000	860.58500	241.18740	2446.50098	1343.48694	0.35990
1164.55500	23.35000	860.58500	241.18740	2446.50098	1343.48694	0.35990
1164.60900	23.35000	860.58500	241.18740	2446.41577	1343.73218	0.36261
1164.66000	23.35000	860.58500	241.18740	2446.41577	1343.73218	0.36261
1164.71100	23.35000	860.58500	241.18740	2446.41577	1343.73218	0.36261
1164.76300	23.35000	860.58500	241.18740	2446.41577	1343.73218	0.36261
1164.81400	23.35000	860.58500	241.18740	2446.41577	1343.73218	0.36261
1164.86500	23.35000	860.58500	241.18740	2446.41577	1343.73218	0.36261
1164.91600	23.35000	860.58500	241.18740	2446.41577	1343.73218	0.36261
1164.96700	23.35000	860.58500	241.18740	2446.41577	1343.73218	0.36261
1165.01800	23.35000	860.58500	241.18740	2446.41577	1343.73218	0.36261
1165.06900	23.35000	860.58500	241.18740	2446.41577	1343.73218	0.36261
1165.12000	23.35000	860.58500	241.18740	2446.50879	1343.34460	0.35857
1165.17100	23.35000	860.58500	241.18740	2446.50879	1343.34460	0.35857
1165.22300	23.35000	860.58500	241.18740	2446.50879	1343.34460	0.35857
1165.27400	23.35000	860.58500	241.18740	2446.50879	1343.34460	0.35857
1165.32500	23.35000	860.58500	241.18740	2446.50879	1343.34460	0.35857
1165.37600	23.35000	860.58500	241.18740	2446.50879	1343.34460	0.35857
1165.42700	23.35000	860.58500	241.18740	2446.50879	1343.34460	0.35857
1165.47900	23.35000	860.58500	241.18740	2446.50879	1343.34460	0.35857
1165.53000	23.35000	860.58500	241.18740	2446.50879	1343.34460	0.35857
1165.58100	23.35000	860.58500	241.18740	2446.50879	1343.34460	0.35857
1165.63200	23.35000	860.58500	241.18740	2446.43286	1343.55920	0.35874
1165.68300	23.35000	860.58500	241.18740	2446.43286	1343.55920	0.35874
1165.73400	23.35000	860.58500	241.18740	2446.43286	1343.55920	0.35874
1165.78500	23.35000	860.58500	241.18740	2446.43286	1343.55920	0.35874
1165.83600	23.35000	860.58500	241.18740	2446.43286	1343.55920	0.35874
1165.88700	23.35000	860.58500	241.18740	2446.43286	1343.55920	0.35874
1165.93800	23.35000	860.58500	241.18740	2446.43286	1343.55920	0.35874
1165.98900	23.35000	860.58500	241.18740	2446.43286	1343.55920	0.35874
1166.04000	23.35000	860.58500	241.18740	2446.43286	1343.55920	0.35874
1166.09100	23.35000	860.58500	241.18740	2446.43286	1343.55920	0.35874
1166.14300	23.35000	860.58500	241.18740	2446.41870	1343.43018	0.36179
1166.19400	23.35000	860.58500	241.18740	2446.41870	1343.43018	0.36179
1166.24500	23.35000	860.58500	241.18740	2446.41870	1343.43018	0.36179
1166.29600	23.35000	860.58500	241.18740	2446.41870	1343.43018	0.36179
1166.34700	23.35000	860.58500	241.18740	2446.41870	1343.43018	0.36179
1166.39900	23.35000	860.58500	241.18740	2446.41870	1343.43018	0.36179
1166.45000	23.35000	860.58500	241.18740	2446.41870	1343.43018	0.36179
1166.50100	23.35000	860.58500	241.18740	2446.41870	1343.43018	0.36179
1166.55200	23.35000	860.58500	241.18740	2446.41870	1343.43018	0.36179
1166.60400	23.35000	860.58500	241.18740	2446.41870	1343.43018	0.36179
1166.65700	23.35000	860.58500	241.18740	2446.29907	1343.33533	0.35549
1166.70800	23.35000	860.58500	241.18740	2446.29907	1343.33533	0.35549
1166.76200	23.35000	860.58500	241.18740	2446.29907	1343.33533	0.35549
1166.81300	23.35000	860.58500	241.18740	2446.29907	1343.33533	0.35549
1166.86500	23.35000	860.58500	241.18740	2446.29907	1343.33533	0.35549
1166.91600	23.35000	860.58500	241.18740	2446.29907	1343.33533	0.35549
1166.96800	23.35000	860.58500	241.18740	2446.29907	1343.33533	0.35549
1167.01900	23.35000	860.58500	241.18740	2446.29907	1343.33533	0.35549
1167.07100	23.35000	860.58500	241.18740	2446.29907	1343.33533	0.35549
1167.12200	23.35000	860.58500	241.18740	2446.29907	1343.33533	0.35549
1167.17300	23.35000	860.58500	241.18740	2446.36279	1343.41455	0.35842
1167.22500	23.35000	860.58500	241.18740	2446.36279	1343.41455	0.35842
1167.27600	23.35000	860.58500	241.18740	2446.36279	1343.41455	0.35842
1167.32700	23.35000	860.58500	241.18740	2446.36279	1343.41455	0.35842
1167.37800	23.35000	860.58500	241.18740	2446.36279	1343.41455	0.35842
1167.42900	23.35000	860.58500	241.18740	2446.36279	1343.41455	0.35842
1167.48100	23.35000	860.58500	241.18740	2446.36279	1343.41455	0.35842
1167.53200	23.35000	860.58500	241.18740	2446.36279	1343.41455	0.35842
1167.58300	23.35000	860.58500	241.18740	2446.36279	1343.41455	0.35842
1167.63400	23.35000	860.58500	241.18740	2446.36279	1343.41455	0.35842
1167.68700	23.35000	860.58500	241.18740	2446.30200	1343.33350	0.35399
1167.73800	23.35000	860.58500	241.18740	2446.30200	1343.33350	0.35399
1167.79100	23.35000	860.58500	241.18740	2446.30200	1343.33350	0.35399
1167.84200	23.35000	860.58500	241.18740	2446.30200	1343.33350	0.35399
1167.89500	23.35000	860.58500	241.18740	2446.30200	1343.33350	0.35399
1167.94600	23.35000	860.58500	241.18740	2446.30200	1343.33350	0.35399
1167.99700	23.35000	860.58500	241.18740	2446.30200	1343.33350	0.35399
1168.04900	23.35000	860.58500	241.18740	2446.30200	1343.33350	0.35399
1168.10200	23.35000	860.58500	241.18740	2446.30200	1343.33350	0.35399
1168.15400	23.35000	860.58500	241.18740	2446.30200	1343.33350	0.35399
1168.20600	23.35000	860.58500	241.18740	2446.41504	1343.42261	0.35660
1168.25700	23.35000	860.58500	241.18740	2446.41504	1343.42261	0.35660
1168.30800	23.35000	860.58500	241.18740	2446.41504	1343.42261	0.35660
1168.35800	23.35000	860.58500	241.18740	2446.41504	1343.42261	0.35660
1168.40900	23.35000	860.58500	241.18740	2446.41504	1343.42261	0.35660
1168.46000	23.35000	860.58500	241.18740	2446.41504	1343.42261	0.35660
1168.51200	23.35000	860.58500	241.18740	2446.41504	1343.42261	0.35660
1168.56400	23.35000	860.58500	241.18740	2446.41504	1343.42261	0.35660
1168.61500	23.35000	860.58500	241.18740	2446.41504	1343.42261	0.35661
1168.66600	23.35000	860.58500	241.18740	2446.41504	1343.42261	0.35660
1168.71700	23.20000	860.58500	241.18740	2446.33252	1343.41919	0.35885
1168.76800	23.20000	860.58500	241.18740	2446.33252	1343.41919	0.35885
1168.81900	23.20000	860.58500	241.18740	2446.33252	1343.41919	0.35885
1168.87000	23.20000	860.58500	241.18740	2446.33252	1343.41919	0.35885
1168.92200	23.20000	860.58500	241.18740	2446.33252	1343.41919	0.35885
1168.97300	23.20000	860.58500	241.18740	2446.33252	1343.41919	0.35885
1169.02800	23.20000	860.58500	241.18740	2446.33252	1343.41919	0.35885
1169.08000	23.20000	860.58500	241.18740	2446.33252	1343.41919	0.35885
1169.13200	23.20000	860.58500	241.18740	2446.33252	1343.41919	0.35885
1169.18300	23.20000	860.58500	241.18740	2446.33252	1343.41919	0.35885
1169.23400	23.20000	860.58500	241.18740	2446.37256	1343.48840	0.28343
1169.28500	23.20000	860.58500	241.18740	2446.37256	1343.48840	0.28343
1169.34100	23.20000	860.58500	241.18740	2446.37256	1343.48840	0.28343
1169.39200	23.20000	860.58500	241.18740	2446.37256	1343.48840	0.28343
1169.44500	23.20000	860.58500	241.18740	2446.37256	1343.48840	0.28343
1169.49600	23.20000	860.58500	241.18740	2446.37256	1343.48840	0.28343
1169.54800	23.20000	860.58500	241.18740	2446.37256	1343.48840	0.28343
1169.59900	23.20000	860.58500	241.18740	2446.37256	1343.48840	0.28343
1169.65100	23.20000	860.58500	241.18740	2446.37256	1343.48840	0.28343
1169.70200	23.20000	860.58500	241.18740	2446.37256	1343.48840	0.28343
1169.75300	23.20000	860.58500	241.18740	2446.34741	1343.48999	0.28404
1169.80500	23.20000	860.58500	241.18740	2446.34741	1343.48999	0.28404
1169.85500	23.20000	860.58500	241.18740	2446.34741	1343.48999	0.28404
1169.90600	23.20000	860.58500	241.18740	2446.34741	1343.48999	0.28404
1169.95700	23.20000	860.58500	241.18740	2446.34741	1343.48999	0.28404
1170.00800	23.20000	860.58500	241.18740	2446.34741	1343.48999	0.28404
1170.05900	23.20000	860.58500	241.18740	2446.34741	1343.48999	0.28404
1170.11000	23.20000	860.58500	241.18740	2446.34741	1343.48999	0.28404
1170.16200	23.20000	860.58500	241.18740	2446.34741	1343.48999	0.28404
1170.21300	23.20000	860.58500	241.18740	2446.34741	1343.48999	0.28404
1170.26400	23.20000	860.58500	241.18740	2446.33911	1343.37231	0.28066
1170.31500	23.20000	860.58500	241.18740	2446.33911	1343.37231	0.28066
1170.36600	23.20000	860.58500	241.18740	2446.33911	1343.37231	0.28066
1170.41800	23.20000	860.58500	241.18740	2446.33911	1343.37231	0.28066
1170.46900	23.20000	860.58500	241.18740	2446.33911	1343.37231	0.28066
1170.52000	23.20000	860.58500	241.18740	2446.33911	1343.37231	0.28066
1170.57100	23.20000	860.58500	241.18740	2446.33911	1343.37231	0.28066
1170.62200	23.20000	860.58500	241.18740	2446.33911	1343.37231	0.28066
1170.67300	23.20000	860.58500	241.18740	2446.33911	1343.37231	0.28066
1170.72400	23.20000	860.58500	241.18740	2446.33911	1343.37231	0.28066
1170.77500	23.20000	860.58500	241.18740	2446.39014	1343.62256	0.27870
1170.82600	23.20000	860.58500	241.18740	2446.39014	1343.62256	0.27870
1170.87700	23.20000	860.58500	241.18740	2446.39014	1343.62256	0.27870
1170.92800	23.20000	860.58500	241.18740	2446.39014	1343.62256	0.27870
1170.98000	23.20000	860.58500	241.18740	2446.39014	1343.62256	0.27870
1171.03100	23.20000	860.58500	241.18740	2446.39014	1343.62256	0.27870
1171.08300	23.20000	860.58500	241.18740	2446.39014	1343.62256	0.27870
1171.13400	23.20000	860.58500	241.18740	2446.39014	1343.62256	0.27870
1171.19000	23.20000	860.58500	241.18740	2446.39014	1343.62256	0.27870
1171.24100	23.20000	860.58500	241.18740	2446.39014	1343.62256	0.27870
1171.29300	23.20000	860.58500	241.18740	2446.25488	1343.35559	0.27533
1171.34400	23.20000	860.58500	241.18740	2446.25488	1343.35559	0.27533
1171.39600	23.20000	860.58500	241.18740	2446.25488	1343.35559	0.27533
1171.44800	23.20000	860.58500	241.18740	2446.25488	1343.35559	0.27533
1171.49900	23.20000	860.58500	241.18740	2446.25488	1343.35559	0.27533
1171.55100	23.20000	860.58500	241.18740	2446.25488	1343.35559	0.27533
1171.60500	23.20000	860.58500	241.18740	2446.25488	1343.35559	0.27533
1171.65700	23.20000	860.58500	241.18740	2446.25488	1343.35559	0.27533
1171.70800	23.20000	860.58500	241.18740	2446.25488	1343.35559	0.27533
1171.76000	23.20000	860.58500	241.18740	2446.25488	1343.35559	0.27533
1171.81100	23.20000	860.58500	241.18740	2446.38574	1343.71228	0.28084
1171.86200	23.20000	860.58500	241.18740	2446.38574	1343.71228	0.28084
1171.91300	23.20000	860.58500	241.18740	2446.38574	1343.71228	0.28084
1171.96400	23.20000	860.58500	241.18740	2446.38574	1343.71228	0.28084
1172.01500	23.20000	860.58500	241.18740	2446.38574	1343.71228	0.28084
1172.06600	23.20000	860.58500	241.18740	2446.38574	1343.71228	0.28084
1172.11700	23.20000	860.58500	241.18740	2446.38574	1343.71228	0.28084
1172.16800	23.20000	860.58500	241.18740	2446.38574	1343.71228	0.28084
1172.21900	23.20000	860.58500	241.18740	2446.38574	1343.71228	0.28084
1172.27000	23.20000	860.58500	241.18740	2446.38574	1343.71228	0.28084
1172.32100	23.20000	860.58500	241.18740	2446.42969	1343.53528	0.28425
1172.37200	23.20000	860.58500	241.18740	2446.42969	1343.53528	0.28425
1172.42300	23.20000	860.58500	241.18740	2446.42969	1343.53528	0.28425
1172.47500	23.20000	860.58500	241.18740	2446.42969	1343.53528	0.28425
1172.52600	23.20000	860.58500	241.18740	2446.42969	1343.53528	0.28425
1172.57700	23.20000	860.58500	241.18740	2446.42969	1343.53528	0.28425
1172.62800	23.20000	860.58500	241.18740	2446.42969	1343.53528	0.28425
1172.67900	23.20000	860.58500	241.18740	2446.42969	1343.53528	0.28425
1172.73100	23.20000	860.58500	241.18740	2446.42969	1343.53528	0.28425
1172.78200	23.20000	860.58500	241.18740	2446.42969	1343.53528	0.28425
1172.83300	23.20000	860.58500	241.18740	2446.40234	1344.00647	0.28352
1172.88500	23.20000	860.58500	241.18740	2446.40234	1344.00647	0.28352
1172.93600	23.20000	860.58500	241.18740	2446.40234	1344.00647	0.28352
1172.98700	23.20000	860.58500	241.18740	2446.40234	1344.00647	0.28352
1173.03800	23.20000	860.58500	241.18740	2446.40234	1344.00647	0.28352
1173.08900	23.20000	860.58500	241.18740	2446.40234	1344.00647	0.28352
1173.14000	23.20000	860.58500	241.18740	2446.40234	1344.00647	0.28352
1173.19100	23.20000	860.58500	241.18740	2446.40234	1344.00647	0.28352
1173.24300	23.20000	860.58500	241.18740	2446.40234	1344.00647	0.28352
1173.29400	23.20000	860.58500	241.18740	2446.40234	1344.00647	0.28352
1173.34600	23.20000	860.58500	241.18740	2446.34424	1343.42542	0.28367
1173.39700	23.20000	860.58500	241.18740	2446.34424	1343.42542	0.28367
1173.44800	23.20000	860.58500	241.18740	2446.34424	1343.42542	0.28367
1173.49900	23.20000	860.58500	241.18740	2446.34424	1343.42542	0.28367
1173.55000	23.20000	860.58500	241.18740	2446.34424	1343.42542	0.28367
1173.60100	23.20000	860.58500	241.18740	2446.34424	1343.42542	0.28367
1173.65300	23.20000	860.58500	241.18740	2446.34424	1343.42542	0.28367
1173.70400	23.20000	860.58500	241.18740	2446.34424	1343.42542	0.28367
1173.75500	23.20000	860.58500	241.18740	2446.34424	1343.42542	0.28367
1173.80600	23.20000	860.58500	241.18740	2446.34424	1343.42542	0.28367
1173.85700	23.20000	860.58500	241.18740	2446.27954	1343.52783	0.28467
1173.90900	23.20000	860.58500	241.18740	2446.27954	1343.52783	0.28467
1173.96100	23.20000	860.58500	241.18740	2446.27954	1343.52783	0.28467
1174.01200	23.20000	860.58500	241.18740	2446.27954	1343.52783	0.28467
1174.06300	23.20000	860.58500	241.18740	2446.27954	1343.52783	0.28467
1174.11400	23.20000	860.58500	241.18740	2446.27954	1343.52783	0.28467
1174.16700	23.20000	860.58500	241.18740	2446.27954	1343.52783	0.28467
1174.21900	23.20000	860.58500	241.18740	2446.27954	1343.52783	0.28467
1174.27100	23.20000	860.58500	241.18740	2446.27954	1343.52783	0.28467
1174.32200	23.20000	860.58500	241.18740	2446.27954	1343.52783	0.28467
1174.37300	23.20000	860.58500	241.18740	2446.35376	1343.74487	0.28528
1174.42500	23.20000	860.58500	241.18740	2446.35376	1343.74487	0.28528
1174.47900	23.20000	860.58500	241.18740	2446.35376	1343.74487	0.28528
1174.53100	23.20000	860.58500	241.18740	2446.35376	1343.74487	0.28528
1174.58200	23.20000	860.58500	241.18740	2446.35376	1343.74487	0.28528
1174.63400	23.20000	860.58500	241.18740	2446.35376	1343.74487	0.28528
1174.68500	23.20000	860.58500	241.18740	2446.35376	1343.74487	0.28528
1174.73500	23.20000	860.58500	241.18740	2446.35376	1343.74487	0.28528
1174.78700	23.20000	860.58500	241.18740	2446.35376	1343.74487	0.28528
1174.83800	23.20000	860.58500	241.18740	2446.35376	1343.74487	0.28528
1174.89100	23.20000	860.58500	241.18740	2446.24829	1343.26892	0.27749
1174.94200	23.20000	860.58500	241.18740	2446.24829	1343.26892	0.27749
1174.99500	23.20000	860.58500	241.18740	2446.24829	1343.26892	0.27749
1175.04700	23.20000	860.58500	241.18740	2446.24829	1343.26892	0.27749
1175.09800	23.20000	860.58500	241.18740	2446.24829	1343.26892	0.27749
1175.14900	23.20000	860.58500	241.18740	2446.24829	1343.26892	0.27749
1175.20000	23.20000	860.58500	241.18740	2446.24829	1343.26892	0.27749
1175.25200	23.20000	860.58500	241.18740	2446.24829	1343.26892	0.27749
1175.30300	23.20000	860.58500	241.18740	2446.24829	1343.26892	0.27749
1175.35400	23.20000	860.58500	241.18740	2446.24829	1343.26892	0.27749
1175.40500	23.20000	860.58500	241.18740	2446.40942	1343.64111	0.28473
1175.45600	23.20000	860.58500	241.18740	2446.40942	1343.64111	0.28473
1175.50700	23.20000	860.58500	241.18740	2446.40942	1343.64111	0.28473
1175.55900	23.20000	860.58500	241.18740	2446.40942	1343.64111	0.28473
1175.61000	23.20000	860.58500	241.18740	2446.40942	1343.64111	0.28473
1175.66000	23.20000	860.58500	241.18740	2446.40942	1343.64111	0.28473
1175.71200	23.20000	860.58500	241.18740	2446.40942	1343.64111	0.28473
1175.76300	23.20000	860.58500	241.18740	2446.40942	1343.64111	0.28473
1175.81400	23.20000	860.58500	241.18740	2446.40942	1343.64111	0.28473
1175.86500	23.20000	860.58500	241.18740	2446.40942	1343.64111	0.28473
1175.91700	23.20000	860.58500	241.18740	2446.33350	1343.45789	0.28455
1175.96800	23.20000	860.58500	241.18740	2446.33350	1343.45789	0.28455
1176.01900	23.20000	860.58500	241.18740	2446.33350	1343.45789	0.28455
1176.07000	23.20000	860.58500	241.18740	2446.33350	1343.45789	0.28455
1176.12100	23.20000	860.58500	241.18740	2446.33350	1343.45789	0.28455
1176.17200	23.20000	860.58500	241.18740	2446.33350	1343.45789	0.28455
1176.22600	23.20000	860.58500	241.18740	2446.33350	1343.45789	0.28455
1176.27800	23.20000	860.58500	241.18740	2446.33350	1343.45789	0.28455
1176.32900	23.20000	860.58500	241.18740	2446.33350	1343.45789	0.28455
1176.38100	23.20000	860.58500	241.18740	2446.33350	1343.45789	0.28455
1176.43100	23.20000	860.58500	241.18740	2446.35669	1343.17212	0.28660
1176.48300	23.20000	860.58500	241.18740	2446.35669	1343.17212	0.28660
1176.53400	23.20000	860.58500	241.18740	2446.35669	1343.17212	0.28660
1176.58400	23.20000	860.58500	241.18740	2446.35669	1343.17212	0.28660
1176.63600	23.20000	860.58500	241.18740	2446.35669	1343.17212	0.28660
1176.68700	23.20000	860.58500	241.18740	2446.35669	1343.17212	0.28660
1176.73700	23.20000	860.58500	241.18740	2446.35669	1343.17212	0.28660
1176.78900	23.20000	860.58500	241.18740	2446.35669	1343.17212	0.28660
1176.84100	23.20000	860.58500	241.18740	2446.35669	1343.17212	0.28660
1176.89200	23.20000	860.58500	241.18740	2446.35669	1343.17212	0.28660
1176.94300	23.20000	860.58500	241.18740	2446.23779	1343.67993	0.28726
1176.99500	23.20000	860.58500	241.18740	2446.23779	1343.67993	0.28726
1177.04600	23.20000	860.58500	241.18740	2446.23779	1343.67993	0.28726
1177.09700	23.20000	860.58500	241.18740	2446.23779	1343.67993	0.28726
1177.14900	23.20000	860.58500	241.18740	2446.23779	1343.67993	0.28726
1177.20000	23.20000	860.58500	241.18740	2446.23779	1343.67993	0.28726
1177.25100	23.20000	860.58500	241.18740	2446.23779	1343.67993	0.28726
1177.30200	23.20000	860.58500	241.18740	2446.23779	1343.67993	0.28726
1177.35400	23.20000	860.58500	241.18740	2446.23779	1343.67993	0.28726
1177.40400	23.20000	860.58500	241.18740	2446.23779	1343.67993	0.28726
1177.45500	23.20000	860.58500	241.18740	2446.37085	1343.45410	0.28480
1177.50700	23.20000	860.58500	241.18740	2446.37085	1343.45410	0.28480
1177.55700	23.20000	860.58500	241.18740	2446.37085	1343.45410	0.28480
1177.60900	23.20000	860.58500	241.18740	2446.37085	1343.45410	0.28480
1177.65900	23.20000	860.58500	241.18740	2446.37085	1343.45410	0.28480
1177.71000	23.20000	860.58500	241.18740	2446.37085	1343.45410	0.28480
1177.76200	23.20000	860.58500	241.18740	2446.37085	1343.45410	0.28480
1177.81400	23.20000	860.58500	241.18740	2446.37085	1343.45410	0.28480
1177.86600	23.20000	860.58500	241.18740	2446.37085	1343.45410	0.28480
1177.91800	23.20000	860.58500	241.18740	2446.37085	1343.45410	0.28480
1177.97100	23.20000	860.58500	241.18740	2446.35449	1343.21545	0.27844
1178.02300	23.20000	860.58500	241.18740	2446.35449	1343.21545	0.27844
1178.07400	23.20000	860.58500	241.18740	2446.35449	1343.21545	0.27844
1178.12600	23.20000	860.58500	241.18740	2446.35449	1343.21545	0.27844
1178.17700	23.20000	860.58500	241.18740	2446.35449	1343.21545	0.27844
1178.22900	23.20000	860.58500	241.18740	2446.35449	1343.21545	0.27844
1178.28000	23.20000	860.58500	241.18740	2446.35449	1343.21545	0.27844
1178.33100	23.20000	860.58500	241.18740	2446.35449	1343.21545	0.27844
1178.38200	23.20000	860.58500	241.18740	2446.35449	1343.21545	0.27844
1178.43400	23.20000	860.58500	241.18740	2446.35449	1343.21545	0.27844
1178.48600	23.20000	860.58500	241.18740	2446.39893	1343.47803	0.28279
1178.53700	23.20000	860.58500	241.18740	2446.39893	1343.47803	0.28279
1178.58800	23.20000	860.58500	241.18740	2446.39893	1343.47803	0.28279
1178.64000	23.20000	860.58500	241.18740	2446.39893	1343.47803	0.28279
1178.69100	23.20000	860.58500	241.18740	2446.39893	1343.47803	0.28279
1178.74200	23.20000	860.58500	241.18740	2446.39893	1343.47803	0.28279
1178.79300	23.20000	860.58500	241.18740	2446.39893	1343.47803	0.28279
1178.84400	23.20000	860.58500	241.18740	2446.39893	1343.47803	0.28279
1178.89500	23.20000	860.58500	241.18740	2446.39893	1343.47803	0.28279
1178.94600	23.20000	860.58500	241.18740	2446.39893	1343.47803	0.28279
1178.99700	23.20000	860.58500	241.18740	2446.29419	1343.50220	0.28328
1179.04800	23.20000	860.58500	241.18740	2446.29419	1343.50220	0.28328
1179.09900	23.20000	860.58500	241.18740	2446.29419	1343.50220	0.28328
1179.15100	23.20000	860.58500	241.18740	2446.29419	1343.50220	0.28328
1179.20500	23.20000	860.58500	241.18740	2446.29419	1343.50220	0.28328
1179.25600	23.20000	860.58500	241.18740	2446.29419	1343.50220	0.28328
1179.31000	23.20000	860.58500	241.18740	2446.29419	1343.50220	0.28328
1179.36100	23.20000	860.58500	241.18740	2446.29419	1343.50220	0.28328
1179.41300	23.20000	860.58500	241.18740	2446.29419	1343.50220	0.28328
1179.46400	23.20000	860.58500	241.18740	2446.29419	1343.50220	0.28328
1179.51700	23.20000	860.58500	241.18740	2446.32886	1343.55713	0.28640
1179.56800	23.20000	860.58500	241.18740	2446.32886	1343.55713	0.28640
1179.62000	23.20000	860.58500	241.18740	2446.32886	1343.55713	0.28640
1179.67100	23.20000	860.58500	241.18740	2446.32886	1343.55713	0.28640
1179.72300	23.20000	860.58500	241.18740	2446.32886	1343.55713	0.28640
1179.77500	23.20000	860.58500	241.18740	2446.32886	1343.55713	0.28640
1179.82600	23.20000	860.58500	241.18740	2446.32886	1343.55713	0.28640
1179.87700	23.20000	860.58500	241.18740	2446.32886	1343.55713	0.28640
1179.92800	23.20000	860.58500	241.18740	2446.32886	1343.55713	0.28640
1179.97900	23.20000	860.58500	241.18740	2446.32886	1343.55713	0.28640
1180.03000	23.20000	860.58500	241.18740	2446.38550	1343.58606	0.28789
1180.08100	23.20000	860.58500	241.18740	2446.38550	1343.58606	0.28789
1180.13200	23.20000	860.58500	241.18740	2446.38550	1343.58606	0.28789
1180.18300	23.20000	860.58500	241.18740	2446.38550	1343.58606	0.28789
1180.23500	23.20000	860.58500	241.18740	2446.38550	1343.58606	0.28789
1180.28600	23.20000	860.58500	241.18740	2446.38550	1343.58606	0.28789
1180.33700	23.20000	860.58500	241.18740	2446.38550	1343.58606	0.28789
1180.38800	23.20000	860.58500	241.18740	2446.38550	1343.58606	0.28789
1180.44000	23.20000	860.58500	241.18740	2446.38550	1343.58606	0.28789
1180.49100	23.20000	860.58500	241.18740	2446.38550	1343.58606	0.28789
1180.54200	23.20000	860.58500	241.18740	2446.29468	1343.59155	0.28846
1180.59300	23.20000	860.58500	241.18740	2446.29468	1343.59155	0.28846
1180.64700	23.20000	860.58500	241.18740	2446.29468	1343.59155	0.28846
1180.69800	23.20000	860.58500	241.18740	2446.29468	1343.59155	0.28846
1180.75000	23.20000	860.58500	241.18740	2446.29468	1343.59155	0.28846
1180.80200	23.20000	860.58500	241.18740	2446.29468	1343.59155	0.28846
1180.85300	23.20000	860.58500	241.18740	2446.29468	1343.59155	0.28846
1180.90500	23.20000	860.58500	241.18740	2446.29468	1343.59155	0.28846
1180.95800	23.20000	860.58500	241.18740	2446.29468	1343.59155	0.28846
1181.00900	23.20000	860.58500	241.18740	2446.29468	1343.59155	0.28846
1181.06200	23.20000	860.58500	241.18740	2446.43066	1343.46643	0.28104
1181.11300	23.20000	860.58500	241.18740	2446.43066	1343.46643	0.28104
1181.16500	23.20000	860.58500	241.18740	2446.43066	1343.46643	0.28104
1181.21500	23.20000	860.58500	241.18740	2446.43066	1343.46643	0.28104
1181.26600	23.20000	860.58500	241.18740	2446.43066	1343.46643	0.28104
1181.31700	23.20000	860.58500	241.18740	2446.43066	1343.46643	0.28104
1181.36800	23.20000	860.58500	241.18740	2446.43066	1343.46643	0.28104
1181.41900	23.20000	860.58500	241.18740	2446.43066	1343.46643	0.28104
1181.47100	23.20000	860.58500	241.18740	2446.43066	1343.46643	0.28104
1181.52100	23.20000	860.58500	241.18740	2446.43066	1343.46643	0.28104
1181.57300	23.20000	860.58500	241.18740	2446.41528	1343.38171	0.28442
1181.62300	23.20000	860.58500	241.18740	2446.41528	1343.38171	0.28442
1181.67500	23.20000	860.58500	241.18740	2446.41528	1343.38171	0.28442
1181.72500	23.20000	860.58500	241.18740	2446.41528	1343.38171	0.28442
1181.77600	23.20000	860.58500	241.18740	2446.41528	1343.38171	0.28442
1181.82700	23.20000	860.58500	241.18740	2446.41528	1343.38171	0.28442
1181.87900	23.20000	860.58500	241.18740	2446.41528	1343.38171	0.28442
1181.93000	23.20000	860.58500	241.18740	2446.41528	1343.38171	0.28442
1181.98100	23.20000	860.58500	241.18740	2446.41528	1343.38171	0.28442
1182.03200	23.20000	860.58500	241.18740	2446.41528	1343.38171	0.28442
1182.08400	23.20000	860.58500	241.18740	2446.32593	1343.35229	0.28180
1182.13500	23.20000	860.58500	241.18740	2446.32593	1343.35229	0.28180
1182.18600	23.20000	860.58500	241.18740	2446.32593	1343.35229	0.28180
1182.23700	23.20000	860.58500	241.18740	2446.32593	1343.35229	0.28180
1182.28800	23.20000	860.58500	241.18740	2446.32593	1343.35229	0.28180
1182.33900	23.20000	860.58500	241.18740	2446.32593	1343.35229	0.28180
1182.39000	23.20000	860.58500	241.18740	2446.32593	1343.35229	0.28180
1182.44200	23.20000	860.58500	241.18740	2446.32593	1343.35229	0.28180
1182.49300	23.20000	860.58500	241.18740	2446.32593	1343.35229	0.28180
1182.54400	23.20000	860.58500	241.18740	2446.32593	1343.35229	0.28180
1182.59500	23.20000	860.58500	241.18740	2446.32251	1343.64648	0.28027
1182.64600	23.20000	860.58500	241.18740	2446.32251	1343.64648	0.28027
1182.69700	23.20000	860.58500	241.18740	2446.32251	1343.64648	0.28027
1182.74800	23.20000	860.58500	241.18740	2446.32251	1343.64648	0.28027
1182.79900	23.20000	860.58500	241.18740	2446.32251	1343.64648	0.28027
1182.85000	23.20000	860.58500	241.18740	2446.32251	1343.64648	0.28027
1182.90100	23.20000	860.58500	241.18740	2446.32251	1343.64648	0.28027
1182.95200	23.20000	860.58500	241.18740	2446.32251	1343.64648	0.28027
1183.00300	23.20000	860.58500	241.18740	2446.32251	1343.64648	0.28027
1183.05400	23.20000	860.58500	241.18740	2446.32251	1343.64648	0.28027
1183.10600	23.20000	860.58500	241.18740	2446.20386	1343.50952	0.27887
1183.15700	23.20000	860.58500	241.18740	2446.20386	1343.50952	0.27886
1183.20800	23.20000	860.58500	241.18740	2446.20386	1343.50952	0.27886
1183.25900	23.20000	860.58500	241.18740	2446.20386	1343.50952	0.27886
1183.31000	23.20000	860.58500	241.18740	2446.20386	1343.50952	0.27886
1183.36100	23.20000	860.58500	241.18740	2446.20386	1343.50952	0.27887
1183.41200	23.20000	860.58500	241.18740	2446.20386	1343.50952	0.27887
1183.46300	23.20000	860.58500	241.18740	2446.20386	1343.50952	0.27887
1183.51800	23.20000	860.58500	241.18740	2446.20386	1343.50952	0.27887
1183.56900	23.20000	860.58500	241.18740	2446.20386	1343.50952	0.27887
1183.62100	23.20000	860.58500	241.18740	2446.36768	1343.69141	0.28117
1183.67300	23.20000	860.58500	241.18740	2446.36768	1343.69141	0.28117
1183.72500	23.20000	860.58500	241.18740	2446.36768	1343.69141	0.28117
1183.77700	23.20000	860.58500	241.18740	2446.36768	1343.69141	0.28117
1183.82900	23.20000	860.58500	241.18740	2446.36768	1343.69141	0.28117
1183.88100	23.20000	860.58500	241.18740	2446.36768	1343.69141	0.28117
1183.93200	23.20000	860.58500	241.18740	2446.36768	1343.69141	0.28117
1183.98400	23.20000	860.58500	241.18740	2446.36768	1343.69141	0.28117
1184.03500	23.20000	860.58500	241.18740	2446.36768	1343.69141	0.28117
1184.08700	23.20000	860.58500	241.18740	2446.36768	1343.69141	0.28117
1184.13900	23.20000	860.58500	241.18740	2446.30615	1343.37366	0.27630
1184.19000	23.20000	860.58500	241.18740	2446.30615	1343.37366	0.27630
1184.24100	23.20000	860.58500	241.18740	2446.30615	1343.37366	0.27630
1184.29300	23.20000	860.58500	241.18740	2446.30615	1343.37366	0.27630
1184.34400	23.20000	860.58500	241.18740	2446.30615	1343.37366	0.27630
1184.39500	23.20000	860.58500	241.18740	2446.30615	1343.37366	0.27630
1184.44700	23.20000	860.58500	241.18740	2446.30615	1343.37366	0.27630
1184.49800	23.20000	860.58500	241.18740	2446.30615	1343.37366	0.27630
1184.54900	23.20000	860.58500	241.18740	2446.30615	1343.37366	0.27630
1184.60000	23.20000	860.58500	241.18740	2446.30615	1343.37366	0.27630
1184.65100	23.20000	860.58500	241.18740	2446.37280	1343.50793	0.27998
1184.70200	23.20000	860.58500	241.18740	2446.37280	1343.50793	0.27998
1184.75300	23.20000	860.58500	241.18740	2446.37280	1343.50793	0.27998
1184.80400	23.20000	860.58500	241.18740	2446.37280	1343.50793	0.27998
1184.85600	23.20000	860.58500	241.18740	2446.37280	1343.50793	0.27998
1184.90700	23.20000	860.58500	241.18740	2446.37280	1343.50793	0.27998
1184.95800	23.20000	860.58500	241.18740	2446.37280	1343.50793	0.27998
1185.00900	23.20000	860.58500	241.18740	2446.37280	1343.50793	0.27998
1185.06000	23.20000	860.58500	241.18740	2446.37280	1343.50793	0.27998
1185.11100	23.20000	860.58500	241.18740	2446.37280	1343.50793	0.27998
1185.16300	23.20000	860.58500	241.18740	2446.25537	1343.30383	0.27950
1185.21400	23.20000	860.58500	241.18740	2446.25537	1343.30383	0.27950
1185.26600	23.20000	860.58500	241.18740	2446.25537	1343.30383	0.27950
1185.31800	23.20000	860.58500	241.18740	2446.25537	1343.30383	0.27950
1185.36900	23.20000	860.58500	241.18740	2446.25537	1343.30383	0.27950
1185.42000	23.20000	860.58500	241.18740	2446.25537	1343.30383	0.27950
1185.47100	23.20000	860.58500	241.18740	2446.25537	1343.30383	0.27950
1185.52200	23.20000	860.58500	241.18740	2446.25537	1343.30383	0.27950
1185.57400	23.20000	860.58500	241.18740	2446.25537	1343.30383	0.27950
1185.62500	23.20000	860.58500	241.18740	2446.25537	1343.30383	0.27950
1185.67700	23.20000	860.58500	241.18740	2446.27783	1343.80847	0.28492
1185.72800	23.20000	860.58500	241.18740	2446.27783	1343.80847	0.28492
1185.77900	23.20000	860.58500	241.18740	2446.27783	1343.80847	0.28492
1185.83000	23.20000	860.58500	241.18740	2446.27783	1343.80847	0.28492
1185.88100	23.20000	860.58500	241.18740	2446.27783	1343.80847	0.28492
1185.93200	23.20000	860.58500	241.18740	2446.27783	1343.80847	0.28492
1185.98300	23.20000	860.58500	241.18740	2446.27783	1343.80847	0.28492
1186.03500	23.20000	860.58500	241.18740	2446.27783	1343.80847	0.28492
1186.08600	23.20000	860.58500	241.18740	2446.27783	1343.80847	0.28492
1186.13700	23.20000	860.58500	241.18740	2446.27783	1343.80847	0.28492
1186.18800	23.20000	860.58500	241.18740	2446.26709	1343.36731	0.27735
1186.24000	23.20000	860.58500	241.18740	2446.26709	1343.36731	0.27735
1186.29100	23.20000	860.58500	241.18740	2446.26709	1343.36731	0.27735
1186.34200	23.20000	860.58500	241.18740	2446.26709	1343.36731	0.27735
1186.39300	23.20000	860.58500	241.18740	2446.26709	1343.36731	0.27735
1186.44400	23.20000	860.58500	241.18740	2446.26709	1343.36731	0.27735
1186.49600	23.20000	860.58500	241.18740	2446.26709	1343.36731	0.27735
1186.54600	23.20000	860.58500	241.18740	2446.26709	1343.36731	0.27735
1186.60100	23.20000	860.58500	241.18740	2446.26709	1343.36731	0.27735
1186.65200	23.20000	860.58500	241.18740	2446.26709	1343.36731	0.27735
1186.70400	23.20000	860.58500	241.18740	2446.23975	1343.38281	0.28407
1186.75600	23.20000	860.58500	241.18740	2446.23975	1343.38281	0.28407
1186.80800	23.20000	860.58500	241.18740	2446.23975	1343.38281	0.28407
1186.86000	23.20000	860.58500	241.18740	2446.23975	1343.38281	0.28407
1186.91100	23.20000	860.58500	241.18740	2446.23975	1343.38281	0.28407
1186.96300	23.20000	860.58500	241.18740	2446.23975	1343.38281	0.28407
1187.01600	23.20000	860.58500	241.18740	2446.23975	1343.38281	0.28407
1187.06700	23.20000	860.58500	241.18740	2446.23975	1343.38281	0.28407
1187.11800	23.20000	860.58500	241.18740	2446.23975	1343.38281	0.28407
1187.16900	23.20000	860.58500	241.18740	2446.23975	1343.38281	0.28407
1187.22100	23.20000	860.58500	241.18740	2446.24707	1343.42883	0.28634
1187.27300	23.20000	860.58500	241.18740	2446.24707	1343.42883	0.28634
1187.32400	23.20000	860.58500	241.18740	2446.24707	1343.42883	0.28634
1187.37600	23.20000	860.58500	241.18740	2446.24707	1343.42883	0.28634
1187.42700	23.20000	860.58500	241.18740	2446.24707	1343.42883	0.28633
1187.47800	23.20000	860.58500	241.18740	2446.24707	1343.42883	0.28634
1187.52900	23.20000	860.58500	241.18740	2446.24707	1343.42883	0.28634
1187.58000	23.20000	860.58500	241.18740	2446.24707	1343.42883	0.28634
1187.63100	23.20000	860.58500	241.18740	2446.24707	1343.42883	0.28634
1187.68300	23.20000	860.58500	241.18740	2446.24707	1343.42883	0.28634
1187.73300	23.20000	860.58500	241.18740	2446.40161	1343.55408	0.27746
1187.78500	23.20000	860.58500	241.18740	2446.40161	1343.55408	0.27746
1187.83600	23.20000	860.58500	241.18740	2446.40161	1343.55408	0.27746
1187.88800	23.20000	860.58500	241.18740	2446.40161	1343.55408	0.27746
1187.93900	23.20000	860.58500	241.18740	2446.40161	1343.55408	0.27747
1187.99000	23.20000	860.58500	241.18740	2446.40161	1343.55408	0.27746
1188.04100	23.20000	860.58500	241.18740	2446.40161	1343.55408	0.27746
1188.09200	23.20000	860.58500	241.18740	2446.40161	1343.55408	0.27746
1188.14300	23.20000	860.58500	241.18740	2446.40161	1343.55408	0.27746
1188.19400	23.20000	860.58500	241.18740	2446.40161	1343.55408	0.27746
1188.24500	23.20000	860.58500	241.18740	2446.26123	1343.78613	0.27972
1188.29600	23.20000	860.58500	241.18740	2446.26123	1343.78613	0.27972
1188.34700	23.20000	860.58500	241.18740	2446.26123	1343.78613	0.27972
1188.39800	23.20000	860.58500	241.18740	2446.26123	1343.78613	0.27972
1188.44900	23.20000	860.58500	241.18740	2446.26123	1343.78613	0.27972
1188.50000	23.20000	860.58500	241.18740	2446.26123	1343.78613	0.27972
1188.55100	23.20000	860.58500	241.18740	2446.26123	1343.78613	0.27972
1188.60200	23.20000	860.58500	241.18740	2446.26123	1343.78613	0.27972
1188.65300	23.20000	860.58500	241.18740	2446.26123	1343.78613	0.27972
1188.70400	23.20000	860.58500	241.18740	2446.26123	1343.78613	0.27972
1188.75500	23.20000	860.58500	241.18740	2446.27344	1343.74451	0.28197
1188.80600	23.20000	860.58500	241.18740	2446.27344	1343.74451	0.28197
1188.85700	23.20000	860.58500	241.18740	2446.27344	1343.74451	0.28197
1188.90800	23.20000	860.58500	241.18740	2446.27344	1343.74451	0.28197
1188.96000	23.20000	860.58500	241.18740	2446.27344	1343.74451	0.28197
1189.01200	23.20000	860.58500	241.18740	2446.27344	1343.74451	0.28197
1189.06300	23.20000	860.58500	241.18740	2446.27344	1343.74451	0.28197
1189.11400	23.20000	860.58500	241.18740	2446.27344	1343.74451	0.28197
1189.16500	23.20000	860.58500	241.18740	2446.27344	1343.74451	0.28197
1189.21600	23.20000	860.58500	241.18740	2446.27344	1343.74451	0.28197
1189.26600	23.20000	860.58500	241.18740	2446.19531	1343.62207	0.27938
1189.31800	23.20000	860.58500	241.18740	2446.19531	1343.62207	0.27938
1189.36900	23.20000	860.58500	241.18740	2446.19531	1343.62207	0.27938
1189.42100	23.20000	860.58500	241.18740	2446.19531	1343.62207	0.27938
1189.47200	23.20000	860.58500	241.18740	2446.19531	1343.62207	0.27938
1189.52300	23.20000	860.58500	241.18740	2446.19531	1343.62207	0.27938
1189.57700	23.20000	860.58500	241.18740	2446.19531	1343.62207	0.27938
1189.62800	23.20000	860.58500	241.18740	2446.19531	1343.62207	0.27938
1189.68500	23.20000	860.58500	241.18740	2446.19531	1343.62207	0.27938
1189.73600	23.20000	860.58500	241.18740	2446.19531	1343.62207	0.27938
1189.78700	23.20000	860.58500	241.18740	2446.21631	1343.25745	0.27808
1189.83900	23.20000	860.58500	241.18740	2446.21631	1343.25745	0.27808
1189.89100	23.20000	860.58500	241.18740	2446.21631	1343.25745	0.27808
1189.94300	23.20000	860.58500	241.18740	2446.21631	1343.25745	0.27808
1189.99500	23.20000	860.58500	241.18740	2446.21631	1343.25745	0.27808
1190.04600	23.20000	860.58500	241.18740	2446.21631	1343.25745	0.27808
1190.09700	23.20000	860.58500	241.18740	2446.21631	1343.25745	0.27808
1190.14900	23.20000	860.58500	241.18740	2446.21631	1343.25745	0.27808
1190.20000	23.20000	860.58500	241.18740	2446.21631	1343.25745	0.27808
1190.25100	23.20000	860.58500	241.18740	2446.21631	1343.25745	0.27808
1190.30200	23.20000	860.58500	241.18740	2446.31543	1343.65637	0.28657
1190.35400	23.20000	860.58500	241.18740	2446.31543	1343.65637	0.28657
1190.40500	23.20000	860.58500	241.18740	2446.31543	1343.65637	0.28657
1190.45600	23.20000	860.58500	241.18740	2446.31543	1343.65637	0.28657
1190.50800	23.20000	860.58500	241.18740	2446.31543	1343.65637	0.28657
1190.55900	23.20000	860.58500	241.18740	2446.31543	1343.65637	0.28657
1190.61100	23.20000	860.58500	241.18740	2446.31543	1343.65637	0.28657
1190.66200	23.20000	860.58500	241.18740	2446.31543	1343.65637	0.28657
1190.71300	23.20000	860.58500	241.18740	2446.31543	1343.65637	0.28657
1190.76400	23.20000	860.58500	241.18740	2446.31543	1343.65637	0.28657
1190.81500	23.20000	860.58500	241.18740	2446.29712	1343.22375	0.27576
1190.86700	23.20000	860.58500	241.18740	2446.29712	1343.22375	0.27576
1190.91800	23.20000	860.58500	241.18740	2446.29712	1343.22375	0.27576
1190.96800	23.20000	860.58500	241.18740	2446.29712	1343.22375	0.27576
1191.02000	23.20000	860.58500	241.18740	2446.29712	1343.22375	0.27576
1191.07200	23.20000	860.58500	241.18740	2446.29712	1343.22375	0.27576
1191.12400	23.20000	860.58500	241.18740	2446.29712	1343.22375	0.27576
1191.17500	23.20000	860.58500	241.18740	2446.29712	1343.22375	0.27576
1191.22700	23.20000	860.58500	241.18740	2446.29712	1343.22375	0.27576
1191.27800	23.20000	860.58500	241.18740	2446.29712	1343.22375	0.27576
1191.32900	23.20000	860.58500	241.18740	2446.26318	1343.71790	0.27853
1191.38100	23.20000	860.58500	241.18740	2446.26318	1343.71790	0.27853
1191.43200	23.20000	860.58500	241.18740	2446.26318	1343.71790	0.27853
1191.48300	23.20000	860.58500	241.18740	2446.26318	1343.71790	0.27853
1191.53500	23.20000	860.58500	241.18740	2446.26318	1343.71790	0.27853
1191.58600	23.20000	860.58500	241.18740	2446.26318	1343.71790	0.27853
1191.63600	23.20000	860.58500	241.18740	2446.26318	1343.71790	0.27853
1191.68800	23.20000	860.58500	241.18740	2446.26318	1343.71790	0.27853
1191.73800	23.20000	860.58500	241.18740	2446.26318	1343.71790	0.27853
